findVerticesInCone: 20
isVertexInCone (0.150000 -3.650000), (1.150000 -3.175000)
isVertexInCone (-1.325000 0.100000), (0.150000 -1.000000), (-1.000000 -0.475000)
isVertexInCone: -0.729375 1.071250
isVertexInCone (2.475000 -3.275000), (1.150000 -3.175000)
isVertexInCone (-1.325000 0.100000), (0.150000 -1.000000), (1.325000 -0.100000)
isVertexInCone: 0.000000 -1.310000
isVertexInCone (1.150000 -3.175000), (1.150000 -3.175000)
isVertexInCone (-1.325000 0.100000), (0.150000 -1.000000), (0.000000 0.000000)
isVertexInCone: 0.000000 -0.000000
isVertexInCone (1.000000 -2.175000), (1.150000 -3.175000)
isVertexInCone (-1.325000 0.100000), (0.150000 -1.000000), (-0.150000 1.000000)
isVertexInCone: 1.310000 0.000000
isVertexInCone (2.325000 -1.775000), (1.150000 -3.175000)
isVertexInCone (-1.325000 0.100000), (0.150000 -1.000000), (1.175000 1.400000)
isVertexInCone: 1.972500 -1.385000
isVertexInCone (4.725000 -1.725000), (1.150000 -3.175000)
isVertexInCone (-1.325000 0.100000), (0.150000 -1.000000), (3.575000 1.450000)
isVertexInCone: 2.278750 -3.792500
isVertexInCone (6.225000 -1.175000), (1.150000 -3.175000)
isVertexInCone (-1.325000 0.100000), (0.150000 -1.000000), (5.075000 2.000000)
isVertexInCone: 3.157501 -5.375000
isVertexInCone (6.950000 -0.050000), (1.150000 -3.175000)
isVertexInCone (-1.325000 0.100000), (0.150000 -1.000000), (5.800000 3.125000)
isVertexInCone: 4.720625 -6.268750
isVertexInCone (6.625000 1.775000), (1.150000 -3.175000)
isVertexInCone (-1.325000 0.100000), (0.150000 -1.000000), (5.475000 4.950000)
isVertexInCone: 7.106250 -6.217500
isVertexInCone (4.775000 4.150000), (1.150000 -3.175000)
isVertexInCone (-1.325000 0.100000), (0.150000 -1.000000), (3.625000 7.325000)
isVertexInCone: 10.068125 -4.723750
isVertexInCone (3.400000 4.275000), (1.150000 -3.175000)
isVertexInCone (-1.325000 0.100000), (0.150000 -1.000000), (2.250000 7.450000)
isVertexInCone: 10.096250 -3.367500
isVertexInCone (2.425000 3.175000), (1.150000 -3.175000)
isVertexInCone (-1.325000 0.100000), (0.150000 -1.000000), (1.275000 6.350000)
isVertexInCone: 8.541249 -2.227500
isVertexInCone (2.575000 1.925000), (1.150000 -3.175000)
isVertexInCone (-1.325000 0.100000), (0.150000 -1.000000), (1.425000 5.100000)
isVertexInCone: 6.900000 -2.190000
isVertexInCone (1.825000 0.000000), (1.150000 -3.175000)
isVertexInCone (-1.325000 0.100000), (0.150000 -1.000000), (0.675000 3.175000)
isVertexInCone: 4.274375 -1.151250
isVertexInCone (1.050000 -0.150000), (1.150000 -3.175000)
isVertexInCone (-1.325000 0.100000), (0.150000 -1.000000), (-0.100000 3.025000)
isVertexInCone: 3.998125 -0.353750
isVertexInCone (-2.225000 1.175000), (1.150000 -3.175000)
isVertexInCone (-1.325000 0.100000), (0.150000 -1.000000), (-3.375000 4.350000)
isVertexInCone: 5.426249 2.722500
isVertexInCone (-3.400000 0.300000), (1.150000 -3.175000)
isVertexInCone (-1.325000 0.100000), (0.150000 -1.000000), (-4.550000 3.475000)
isVertexInCone: 4.149374 4.028750
isVertexInCone (-3.950000 -1.250000), (1.150000 -3.175000)
isVertexInCone (-1.325000 0.100000), (0.150000 -1.000000), (-5.100000 1.925000)
isVertexInCone: 2.040624 4.811250
isVertexInCone (-3.350000 -2.500000), (1.150000 -3.175000)
isVertexInCone (-1.325000 0.100000), (0.150000 -1.000000), (-4.500000 0.675000)
isVertexInCone: 0.444374 4.398750
isVertexInCone (-1.050000 -3.625000), (1.150000 -3.175000)
isVertexInCone (-1.325000 0.100000), (0.150000 -1.000000), (-2.200000 -0.450000)
isVertexInCone: -0.816250 2.267500
findVerticesInCone: 2
convexDecomp: bestVert: -1, size: 2
convexDecomp: bestVert2: 0, size: 2
convexDecomp 360: (1.150000 -3.175000), (0.150000 -3.650000)
slicePolygon: startPos: (1.150000, -3.175000), finalPos: (0.150000, -3.650000), subPlys: 0
cullByDistance: 
slicePolygon: left size: 3
i: 0, (0.150000, -3.650000)
i: 1, (2.475000, -3.275000)
i: 2, (1.150000, -3.175000)
slicePolygon: right size: 19
i: 0, (0.150000, -3.650000)
i: 1, (1.150000, -3.175000)
i: 2, (1.000000, -2.175000)
i: 3, (2.325000, -1.775000)
i: 4, (4.725000, -1.725000)
i: 5, (6.225000, -1.175000)
i: 6, (6.950000, -0.050000)
i: 7, (6.625000, 1.775000)
i: 8, (4.775000, 4.150000)
i: 9, (3.400000, 4.275000)
i: 10, (2.425000, 3.175000)
i: 11, (2.575000, 1.925000)
i: 12, (1.825000, 0.000000)
i: 13, (1.050000, -0.150000)
i: 14, (-2.225000, 1.175000)
i: 15, (-3.400000, 0.300000)
i: 16, (-3.950000, -1.250000)
i: 17, (-3.350000, -2.500000)
i: 18, (-1.050000, -3.625000)
findVerticesInCone: 19
isVertexInCone (0.150000 -3.650000), (1.000000 -2.175000)
isVertexInCone (-0.150000 1.000000), (-1.325000 -0.400000), (-0.850000 -1.475000)
isVertexInCone: -1.071250 -1.614375
isVertexInCone (1.150000 -3.175000), (1.000000 -2.175000)
isVertexInCone (-0.150000 1.000000), (-1.325000 -0.400000), (0.150000 -1.000000)
isVertexInCone: 0.000000 -1.385000
isVertexInCone (1.000000 -2.175000), (1.000000 -2.175000)
isVertexInCone (-0.150000 1.000000), (-1.325000 -0.400000), (0.000000 0.000000)
isVertexInCone: 0.000000 0.000000
isVertexInCone (2.325000 -1.775000), (1.000000 -2.175000)
isVertexInCone (-0.150000 1.000000), (-1.325000 -0.400000), (1.325000 0.400000)
isVertexInCone: 1.385000 0.000000
isVertexInCone (4.725000 -1.725000), (1.000000 -2.175000)
isVertexInCone (-0.150000 1.000000), (-1.325000 -0.400000), (3.725000 0.450000)
isVertexInCone: 3.792500 -0.893750
isVertexInCone (6.225000 -1.175000), (1.000000 -2.175000)
isVertexInCone (-0.150000 1.000000), (-1.325000 -0.400000), (5.225000 1.000000)
isVertexInCone: 5.375000 -0.765000
isVertexInCone (6.950000 -0.050000), (1.000000 -2.175000)
isVertexInCone (-0.150000 1.000000), (-1.325000 -0.400000), (5.950000 2.125000)
isVertexInCone: 6.268750 0.435625
isVertexInCone (6.625000 1.775000), (1.000000 -2.175000)
isVertexInCone (-0.150000 1.000000), (-1.325000 -0.400000), (5.625000 3.950000)
isVertexInCone: 6.217500 2.983750
isVertexInCone (4.775000 4.150000), (1.000000 -2.175000)
isVertexInCone (-0.150000 1.000000), (-1.325000 -0.400000), (3.775000 6.325000)
isVertexInCone: 4.723750 6.870625
isVertexInCone (3.400000 4.275000), (1.000000 -2.175000)
isVertexInCone (-0.150000 1.000000), (-1.325000 -0.400000), (2.400000 6.450000)
isVertexInCone: 3.367500 7.586250
isVertexInCone (2.425000 3.175000), (1.000000 -2.175000)
isVertexInCone (-0.150000 1.000000), (-1.325000 -0.400000), (1.425000 5.350000)
isVertexInCone: 2.227500 6.518750
isVertexInCone (2.575000 1.925000), (1.000000 -2.175000)
isVertexInCone (-0.150000 1.000000), (-1.325000 -0.400000), (1.575000 4.100000)
isVertexInCone: 2.190000 4.802500
isVertexInCone (1.825000 0.000000), (1.000000 -2.175000)
isVertexInCone (-0.150000 1.000000), (-1.325000 -0.400000), (0.825000 2.175000)
isVertexInCone: 1.151250 2.551875
isVertexInCone (1.050000 -0.150000), (1.000000 -2.175000)
isVertexInCone (-0.150000 1.000000), (-1.325000 -0.400000), (0.050000 2.025000)
isVertexInCone: 0.353750 2.663125
isVertexInCone (-2.225000 1.175000), (1.000000 -2.175000)
isVertexInCone (-0.150000 1.000000), (-1.325000 -0.400000), (-3.225000 3.350000)
isVertexInCone: -2.722500 5.728750
isVertexInCone (-3.400000 0.300000), (1.000000 -2.175000)
isVertexInCone (-0.150000 1.000000), (-1.325000 -0.400000), (-4.400000 2.475000)
isVertexInCone: -4.028750 5.039375
isVertexInCone (-3.950000 -1.250000), (1.000000 -2.175000)
isVertexInCone (-0.150000 1.000000), (-1.325000 -0.400000), (-4.950000 0.925000)
isVertexInCone: -4.811250 3.205625
isVertexInCone (-3.350000 -2.500000), (1.000000 -2.175000)
isVertexInCone (-0.150000 1.000000), (-1.325000 -0.400000), (-4.350000 -0.325000)
isVertexInCone: -4.398750 1.309375
isVertexInCone (-1.050000 -3.625000), (1.000000 -2.175000)
isVertexInCone (-0.150000 1.000000), (-1.325000 -0.400000), (-2.050000 -1.450000)
isVertexInCone: -2.267500 -1.101250
findVerticesInCone: 4
convexDecomp: bestVert: -1, size: 4
convexDecomp: bestVert2: 17, size: 4
convexDecomp 360: (1.000000 -2.175000), (-3.350000 -2.500000)
slicePolygon: startPos: (1.000000, -2.175000), finalPos: (-3.350000, -2.500000), subPlys: 0
cullByDistance: 
slicePolygon: left size: 16
i: 0, (1.000000, -2.175000)
i: 1, (2.325000, -1.775000)
i: 2, (4.725000, -1.725000)
i: 3, (6.225000, -1.175000)
i: 4, (6.950000, -0.050000)
i: 5, (6.625000, 1.775000)
i: 6, (4.775000, 4.150000)
i: 7, (3.400000, 4.275000)
i: 8, (2.425000, 3.175000)
i: 9, (2.575000, 1.925000)
i: 10, (1.825000, 0.000000)
i: 11, (1.050000, -0.150000)
i: 12, (-2.225000, 1.175000)
i: 13, (-3.400000, 0.300000)
i: 14, (-3.950000, -1.250000)
i: 15, (-3.350000, -2.500000)
slicePolygon: right size: 5
i: 0, (0.150000, -3.650000)
i: 1, (1.150000, -3.175000)
i: 2, (1.000000, -2.175000)
i: 3, (-3.350000, -2.500000)
i: 4, (-1.050000, -3.625000)
findVerticesInCone: 16
isVertexInCone (1.000000 -2.175000), (2.325000 -1.775000)
isVertexInCone (1.325000 0.400000), (-2.400000 -0.050000), (-1.325000 -0.400000)
isVertexInCone: 0.000000 -0.893750
isVertexInCone (2.325000 -1.775000), (2.325000 -1.775000)
isVertexInCone (1.325000 0.400000), (-2.400000 -0.050000), (0.000000 0.000000)
isVertexInCone: 0.000000 0.000000
isVertexInCone (4.725000 -1.725000), (2.325000 -1.775000)
isVertexInCone (1.325000 0.400000), (-2.400000 -0.050000), (2.400000 0.050000)
isVertexInCone: 0.893750 0.000000
isVertexInCone (6.225000 -1.175000), (2.325000 -1.775000)
isVertexInCone (1.325000 0.400000), (-2.400000 -0.050000), (3.900000 0.600000)
isVertexInCone: 0.765000 1.245000
isVertexInCone (6.950000 -0.050000), (2.325000 -1.775000)
isVertexInCone (1.325000 0.400000), (-2.400000 -0.050000), (4.625000 1.725000)
isVertexInCone: -0.435625 3.908750
isVertexInCone (6.625000 1.775000), (2.325000 -1.775000)
isVertexInCone (1.325000 0.400000), (-2.400000 -0.050000), (4.300000 3.550000)
isVertexInCone: -2.983750 8.304999
isVertexInCone (4.775000 4.150000), (2.325000 -1.775000)
isVertexInCone (1.325000 0.400000), (-2.400000 -0.050000), (2.450000 5.925000)
isVertexInCone: -6.870625 14.097500
isVertexInCone (3.400000 4.275000), (2.325000 -1.775000)
isVertexInCone (1.325000 0.400000), (-2.400000 -0.050000), (1.075000 6.050000)
isVertexInCone: -7.586250 14.466249
isVertexInCone (2.425000 3.175000), (2.325000 -1.775000)
isVertexInCone (1.325000 0.400000), (-2.400000 -0.050000), (0.100000 4.950000)
isVertexInCone: -6.518750 11.874999
isVertexInCone (2.575000 1.925000), (2.325000 -1.775000)
isVertexInCone (1.325000 0.400000), (-2.400000 -0.050000), (0.250000 3.700000)
isVertexInCone: -4.802500 8.867499
isVertexInCone (1.825000 0.000000), (2.325000 -1.775000)
isVertexInCone (1.325000 0.400000), (-2.400000 -0.050000), (-0.500000 1.775000)
isVertexInCone: -2.551875 4.285000
isVertexInCone (1.050000 -0.150000), (2.325000 -1.775000)
isVertexInCone (1.325000 0.400000), (-2.400000 -0.050000), (-1.275000 1.625000)
isVertexInCone: -2.663125 3.963750
isVertexInCone (-2.225000 1.175000), (2.325000 -1.775000)
isVertexInCone (1.325000 0.400000), (-2.400000 -0.050000), (-4.550000 2.950000)
isVertexInCone: -5.728750 7.307499
isVertexInCone (-3.400000 0.300000), (2.325000 -1.775000)
isVertexInCone (1.325000 0.400000), (-2.400000 -0.050000), (-5.725000 2.075000)
isVertexInCone: -5.039375 5.266249
isVertexInCone (-3.950000 -1.250000), (2.325000 -1.775000)
isVertexInCone (1.325000 0.400000), (-2.400000 -0.050000), (-6.275000 0.525000)
isVertexInCone: -3.205625 1.573750
isVertexInCone (-3.350000 -2.500000), (2.325000 -1.775000)
isVertexInCone (1.325000 0.400000), (-2.400000 -0.050000), (-5.675000 -0.725000)
isVertexInCone: -1.309375 -1.456250
findVerticesInCone: 11
convexDecomp: bestVert: -1, size: 11
isVertexInCone (2.325000 -1.775000), (2.575000 1.925000)
isVertexInCone (0.150000 -1.250000), (0.750000 1.925000), (-0.250000 -3.700000)
isVertexInCone: 0.867500 2.293750
isVertexInCone (2.325000 -1.775000), (1.825000 0.000000)
isVertexInCone (-0.750000 -1.925000), (0.775000 0.150000), (0.500000 -1.775000)
isVertexInCone: -2.293750 1.450625
2 intverts
convexDecomp: bestVert2: 10, size: 11
convexDecomp 360: (2.325000 -1.775000), (1.825000 0.000000)
slicePolygon: startPos: (2.325000, -1.775000), finalPos: (1.825000, 0.000000), subPlys: 0
cullByDistance: 
slicePolygon: left size: 10
i: 0, (2.325000, -1.775000)
i: 1, (4.725000, -1.725000)
i: 2, (6.225000, -1.175000)
i: 3, (6.950000, -0.050000)
i: 4, (6.625000, 1.775000)
i: 5, (4.775000, 4.150000)
i: 6, (3.400000, 4.275000)
i: 7, (2.425000, 3.175000)
i: 8, (2.575000, 1.925000)
i: 9, (1.825000, 0.000000)
slicePolygon: right size: 8
i: 0, (1.000000, -2.175000)
i: 1, (2.325000, -1.775000)
i: 2, (1.825000, 0.000000)
i: 3, (1.050000, -0.150000)
i: 4, (-2.225000, 1.175000)
i: 5, (-3.400000, 0.300000)
i: 6, (-3.950000, -1.250000)
i: 7, (-3.350000, -2.500000)
findVerticesInCone: 10
isVertexInCone (2.325000 -1.775000), (2.575000 1.925000)
isVertexInCone (0.150000 -1.250000), (0.750000 1.925000), (-0.250000 -3.700000)
isVertexInCone: 0.867500 2.293750
isVertexInCone (4.725000 -1.725000), (2.575000 1.925000)
isVertexInCone (0.150000 -1.250000), (0.750000 1.925000), (2.150000 -3.650000)
isVertexInCone: -2.139999 6.876250
isVertexInCone (6.225000 -1.175000), (2.575000 1.925000)
isVertexInCone (0.150000 -1.250000), (0.750000 1.925000), (3.650000 -3.100000)
isVertexInCone: -4.097499 9.351250
isVertexInCone (6.950000 -0.050000), (2.575000 1.925000)
isVertexInCone (0.150000 -1.250000), (0.750000 1.925000), (4.375000 -1.975000)
isVertexInCone: -5.172500 9.903124
isVertexInCone (6.625000 1.775000), (2.575000 1.925000)
isVertexInCone (0.150000 -1.250000), (0.750000 1.925000), (4.050000 -0.150000)
isVertexInCone: -5.040000 7.908750
isVertexInCone (4.775000 4.150000), (2.575000 1.925000)
isVertexInCone (0.150000 -1.250000), (0.750000 1.925000), (2.200000 2.225000)
isVertexInCone: -3.083750 2.566250
isVertexInCone (3.400000 4.275000), (2.575000 1.925000)
isVertexInCone (0.150000 -1.250000), (0.750000 1.925000), (0.825000 2.350000)
isVertexInCone: -1.383750 -0.174375
isVertexInCone (2.425000 3.175000), (2.575000 1.925000)
isVertexInCone (0.150000 -1.250000), (0.750000 1.925000), (-0.150000 1.250000)
isVertexInCone: 0.000000 -1.226250
isVertexInCone (2.575000 1.925000), (2.575000 1.925000)
isVertexInCone (0.150000 -1.250000), (0.750000 1.925000), (0.000000 0.000000)
isVertexInCone: -0.000000 0.000000
isVertexInCone (1.825000 0.000000), (2.575000 1.925000)
isVertexInCone (0.150000 -1.250000), (0.750000 1.925000), (-0.750000 -1.925000)
isVertexInCone: 1.226250 0.000000
findVerticesInCone: 5
convexDecomp: bestVert: -1, size: 5
convexDecomp: bestVert2: 5, size: 5
convexDecomp 360: (2.575000 1.925000), (4.775000 4.150000)
slicePolygon: startPos: (2.575000, 1.925000), finalPos: (4.775000, 4.150000), subPlys: 0
cullByDistance: 
slicePolygon: left size: 4
i: 0, (4.775000, 4.150000)
i: 1, (3.400000, 4.275000)
i: 2, (2.425000, 3.175000)
i: 3, (2.575000, 1.925000)
slicePolygon: right size: 8
i: 0, (2.325000, -1.775000)
i: 1, (4.725000, -1.725000)
i: 2, (6.225000, -1.175000)
i: 3, (6.950000, -0.050000)
i: 4, (6.625000, 1.775000)
i: 5, (4.775000, 4.150000)
i: 6, (2.575000, 1.925000)
i: 7, (1.825000, 0.000000)
findVerticesInCone: 8
isVertexInCone (1.000000 -2.175000), (1.050000 -0.150000)
isVertexInCone (-0.775000 -0.150000), (3.275000 -1.325000), (-0.050000 -2.025000)
isVertexInCone: -1.561875 6.698124
isVertexInCone (2.325000 -1.775000), (1.050000 -0.150000)
isVertexInCone (-0.775000 -0.150000), (3.275000 -1.325000), (1.275000 -1.625000)
isVertexInCone: -1.450625 3.632500
isVertexInCone (1.825000 0.000000), (1.050000 -0.150000)
isVertexInCone (-0.775000 -0.150000), (3.275000 -1.325000), (0.775000 0.150000)
isVertexInCone: 0.000000 -1.518125
isVertexInCone (1.050000 -0.150000), (1.050000 -0.150000)
isVertexInCone (-0.775000 -0.150000), (3.275000 -1.325000), (0.000000 0.000000)
isVertexInCone: 0.000000 -0.000000
isVertexInCone (-2.225000 1.175000), (1.050000 -0.150000)
isVertexInCone (-0.775000 -0.150000), (3.275000 -1.325000), (-3.275000 1.325000)
isVertexInCone: 1.518125 0.000000
isVertexInCone (-3.400000 0.300000), (1.050000 -0.150000)
isVertexInCone (-0.775000 -0.150000), (3.275000 -1.325000), (-4.450000 0.450000)
isVertexInCone: 1.016250 4.422500
isVertexInCone (-3.950000 -1.250000), (1.050000 -0.150000)
isVertexInCone (-0.775000 -0.150000), (3.275000 -1.325000), (-5.000000 -1.100000)
isVertexInCone: -0.102500 10.227500
isVertexInCone (-3.350000 -2.500000), (1.050000 -0.150000)
isVertexInCone (-0.775000 -0.150000), (3.275000 -1.325000), (-4.400000 -2.350000)
isVertexInCone: -1.161250 13.526249
findVerticesInCone: 4
convexDecomp: bestVert: -1, size: 4
convexDecomp: bestVert2: 0, size: 4
convexDecomp 360: (1.050000 -0.150000), (1.000000 -2.175000)
slicePolygon: startPos: (1.050000, -0.150000), finalPos: (1.000000, -2.175000), subPlys: 0
cullByDistance: 
slicePolygon: left size: 4
i: 0, (1.000000, -2.175000)
i: 1, (2.325000, -1.775000)
i: 2, (1.825000, 0.000000)
i: 3, (1.050000, -0.150000)
slicePolygon: right size: 6
i: 0, (1.000000, -2.175000)
i: 1, (1.050000, -0.150000)
i: 2, (-2.225000, 1.175000)
i: 3, (-3.400000, 0.300000)
i: 4, (-3.950000, -1.250000)
i: 5, (-3.350000, -2.500000)
getTotalSubPolys: subpolys 2
getTotalSubPolys: subpolys 0
getTotalSubPolys: subpolys 2
getTotalSubPolys: subpolys 2
getTotalSubPolys: subpolys 2
getTotalSubPolys: subpolys 0
getTotalSubPolys: subpolys 0
getTotalSubPolys: total 2
getTotalSubPolys: subpolys 2
getTotalSubPolys: subpolys 0
getTotalSubPolys: subpolys 0
getTotalSubPolys: total 2
getTotalSubPolys: total 4
getTotalSubPolys: subpolys 0
getTotalSubPolys: total 5
getTotalSubPolys: total 6
convert_concave_polygon total: 6
convert_concave_polygon total: 6 before
convert_concave_polygon total: 6 after
drawPolygon: count: 0
0.150000, -3.650000
2.475000, -3.275000
1.150000, -3.175000
drawPolygon: count: 1
4.775000, 4.150000
3.400000, 4.275000
2.425000, 3.175000
2.575000, 1.925000
drawPolygon: count: 2
2.325000, -1.775000
4.725000, -1.725000
6.225000, -1.175000
6.950000, -0.050000
6.625000, 1.775000
4.775000, 4.150000
2.575000, 1.925000
1.825000, 0.000000
drawPolygon: count: 3
1.000000, -2.175000
2.325000, -1.775000
1.825000, 0.000000
1.050000, -0.150000
drawPolygon: count: 4
1.000000, -2.175000
1.050000, -0.150000
-2.225000, 1.175000
-3.400000, 0.300000
-3.950000, -1.250000
-3.350000, -2.500000
drawPolygon: count: 5
0.150000, -3.650000
1.150000, -3.175000
1.000000, -2.175000
-3.350000, -2.500000
-1.050000, -3.625000
main num: 6
i 0 record 3
0.150000 -3.650000
2.475000 -3.275000
1.150000 -3.175000
i 1 record 4
4.775000 4.150000
3.400000 4.275000
2.425000 3.175000
2.575000 1.925000
i 2 record 8
2.325000 -1.775000
4.725000 -1.725000
6.225000 -1.175000
6.950000 -0.050000
6.625000 1.775000
4.775000 4.150000
2.575000 1.925000
1.825000 0.000000
i 3 record 4
1.000000 -2.175000
2.325000 -1.775000
1.825000 0.000000
1.050000 -0.150000
i 4 record 6
1.000000 -2.175000
1.050000 -0.150000
-2.225000 1.175000
-3.400000 0.300000
-3.950000 -1.250000
-3.350000 -2.500000
i 5 record 5
0.150000 -3.650000
1.150000 -3.175000
1.000000 -2.175000
-3.350000 -2.500000
-1.050000 -3.625000
main num: 6
