main num: 6
i 0 record 3
0.150000 -3.650000
2.475000 -3.275000
1.150000 -3.175000
i 1 record 4
4.775000 4.150000
3.400000 4.275000
2.425000 3.175000
2.575000 1.925000
i 2 record 8
2.325000 -1.775000
4.725000 -1.725000
6.225000 -1.175000
6.950000 -0.050000
6.625000 1.775000
4.775000 4.150000
2.575000 1.925000
1.825000 0.000000
i 3 record 4
1.000000 -2.175000
2.325000 -1.775000
1.825000 0.000000
1.050000 -0.150000
i 4 record 6
1.000000 -2.175000
1.050000 -0.150000
-2.225000 1.175000
-3.400000 0.300000
-3.950000 -1.250000
-3.350000 -2.500000
i 5 record 5
0.150000 -3.650000
1.150000 -3.175000
1.000000 -2.175000
-3.350000 -2.500000
-1.050000 -3.625000
main num: 6
