187
187
183
183
183
189
189
189
192
192
181
181
181
194
194
194
194
194
180
180
159
159
159
139
139
111
111
111
95
95
95
82
82
100
100
100
140
140
190
190
190
221
221
234
234
234
240
240
241
241
241
249
249
258
258
258
261
261
272
272
272
273
273
273
273
273
276
276
276
273
273
281
281
281
290
290
294
294
294
303
303
305
305
305
301
301
298
298
298
308
308
308
319
319
336
336
336
351
351
358
358
358
361
361
361
368
368
371
371
371
387
387
387
402
402
419
419
419
427
427
427
445
445
457
457
457
475
475
527
527
527
534
534
534
522
522
502
502
502
475
475
475
463
463
459
459
459
463
463
463
470
470
454
454
454
433
433
416
416
416
399
399
399
398
398
384
384
384
383
383
369
369
369
347
347
347
302
302
251
251
251
251
251
236
236
236
237
237
239
239
239
230
230
230
221
221
227
227
227
238
238
238
247
247
253
253
253
264
264
287
287
287
293
293
293
304
304
310
310
310
316
316
316
323
323
331
331
331
334
334
334
334
334
320
320
320
323
323
336
336
336
352
352
352
347
347
338
338
338
326
326
321
321
321
323
323
323
342
342
351
351
351
348
348
348
337
337
312
312
312
309
309
311
311
311
313
313
313
318
318
321
321
321
335
335
349
349
349
370
370
376
376
376
384
384
395
395
395
405
405
420
420
420
444
444
479
479
479
510
510
510
539
539
561
561
561
577
577
593
593
593
591
591
588
588
588
584
584
576
576
576
576
576
566
566
566
554
554
554
521
521
439
439
439
396
396
396
361
361
314
314
314
277
277
242
242
242
200
200
200
159
159
123
123
123
100
100
100
59
59
34
34
34
3
3
3
-12
-12
-35
-35
-35
-60
-60
-74
-74
-74
-86
-86
-86
-79
-79
-102
-102
-102
-140
-140
-140
-160
-160
-172
-172
-172
-181
-181
-182
-182
-182
-175
-175
-175
-166
-166
-163
-163
-163
-168
-168
-168
-168
-168
-145
-145
-126
-126
-126
-101
-101
-64
-64
-64
20
20
20
92
92
147
147
147
194
194
241
241
241
291
291
335
335
335
352
352
352
354
354
349
349
349
335
335
326
326
326
339
339
361
361
361
386
386
411
411
411
440
440
465
465
465
489
489
508
508
508
533
533
554
554
554
557
557
563
563
563
571
571
571
576
576
579
579
579
582
582
574
574
574
574
574
570
570
570
528
528
442
442
442
352
352
352
305
305
248
248
248
198
198
164
164
164
136
136
136
112
112
92
92
92
77
77
77
54
54
44
44
44
39
39
39
42
42
40
40
40
39
39
43
43
43
50
50
50
57
57
58
58
58
64
64
64
64
64
116
116
116
112
112
98
98
98
70
70
62
62
62
44
44
44
42
42
40
40
40
42
42
42
53
53
93
93
93
165
165
213
213
213
232
232
232
230
230
239
239
239
242
242
235
235
235
219
219
219
212
212
216
216
216
207
207
174
174
174
136
136
116
116
116
104
104
89
89
89
61
61
61
50
50
47
47
47
31
31
-11
-11
-11
-45
-45
-67
-67
-67
-84
-84
-93
-93
-93
-83
-83
-73
-73
-73
-61
-61
-61
-98
-98
-135
-135
-135
-152
-152
-155
-155
-155
-156
-156
-158
-158
-158
-146
-146
-102
-102
-102
-65
-65
-19
-19
-19
37
37
37
80
80
124
124
124
146
146
158
158
158
170
170
170
216
216
253
253
253
263
263
263
284
284
301
301
301
327
327
327
347
347
354
354
354
353
353
358
358
358
360
360
360
372
372
377
377
377
362
362
362
346
346
314
314
314
258
258
205
205
205
152
152
128
128
128
102
102
73
73
73
46
46
46
18
18
-13
-13
-13
0
0
50
50
50
66
66
106
106
106
195
195
195
304
304
348
348
348
365
365
385
385
385
404
404
404
425
425
469
469
469
511
511
540
540
540
563
563
563
581
581
595
595
595
604
604
612
612
612
606
606
606
584
584
565
565
565
544
544
544
524
524
498
498
498
465
465
465
441
441
422
422
422
380
380
298
298
298
214
214
214
151
151
114
114
114
70
70
70
70
70
13
13
13
18
18
18
32
32
57
57
57
90
90
102
102
102
108
108
103
103
103
88
88
88
95
95
68
68
68
53
53
53
49
49
22
22
22
-11
-11
-57
-57
-57
-111
-111
-111
-161
-161
-196
-196
-196
-233
-233
-257
-257
-257
-278
-278
-278
-278
-278
-296
-296
-296
-294
-294
-294
-293
-293
-292
-292
-292
-290
-290
-270
-270
-270
-259
-259
-259
-237
-237
-219
-219
-219
-210
-210
-210
-204
-204
-199
-199
-199
-191
-191
-187
-187
-187
-186
-186
-186
-182
-182
-177
-177
-177
-170
-170
-170
-163
-163
-148
-148
-148
-148
-148
-152
-152
-152
-140
-140
-140
-134
-134
-135
-135
-135
-131
-131
-131
-127
-127
-120
-120
-120
-126
-126
-120
-120
-120
-143
-143
-143
-137
-137
-144
-144
-144
-143
-143
-143
-142
-142
-136
-136
-136
-127
-127
-99
-99
-99
-83
-83
-49
-49
-49
-13
-13
-18
-18
-18
-16
-16
-7
-7
-7
4
4
4
14
14
16
16
16
22
22
28
28
28
37
37
37
35
35
29
29
29
13
13
13
-8
-8
-26
-26
-26
-53
-53
-79
-79
-79
-108
-108
-126
-126
-126
-154
-154
-212
-212
-212
-258
-258
-274
-274
-274
-281
-281
-281
-260
-260
-204
-204
-204
-147
-147
-151
-151
-151
-185
-185
-185
-246
-246
-290
-290
-290
-310
-310
-310
-281
-281
-229
-229
-229
-112
-112
34
34
34
128
128
221
221
221
313
313
313
313
313
466
466
466
502
502
502
502
502
480
480
480
434
434
363
363
363
274
274
274
179
179
79
79
79
-92
-92
-92
-296
-296
-278
-278
-278
-214
-214
-83
-83
-83
35
35
35
160
160
294
294
294
413
413
413
480
480
505
505
505
497
497
441
441
441
399
399
357
357
357
335
335
338
338
338
340
340
359
359
359
322
322
322
366
366
389
389
389
418
418
418
418
418
404
404
404
392
392
350
350
350
323
323
323
297
297
257
257
257
234
234
244
244
244
271
271
271
310
310
337
337
337
349
349
364
364
364
363
363
363
353
353
350
350
350
339
339
345
345
345
370
370
370
382
382
405
405
405
454
454
498
498
498
547
547
547
587
587
624
624
624
623
623
577
577
577
469
469
469
358
358
267
267
267
200
200
200
160
160
121
121
121
26
26
-62
-62
-62
-140
-140
-140
-177
-177
-209
-209
-209
-207
-207
-187
-187
-187
-184
-184
-189
-189
-189
-194
-194
-190
-190
-190
-196
-196
-196
-184
-184
-165
-165
-165
-127
-127
-67
-67
-67
34
34
34
177
177
356
356
356
475
475
555
555
555
619
619
619
619
619
615
615
615
566
566
495
495
495
422
422
422
353
353
285
285
285
205
205
115
115
115
28
28
28
-62
-62
-144
-144
-144
-194
-194
-194
-243
-243
-261
-261
-261
-283
-283
-294
-294
-294
-297
-297
-297
-297
-297
-295
-295
-295
-279
-279
-216
-216
-216
-136
-136
32
32
32
239
239
239
382
382
502
502
502
568
568
597
597
597
591
591
569
569
569
542
542
542
507
507
457
457
457
412
412
412
391
391
379
379
379
373
373
373
354
354
329
329
329
323
323
306
306
306
292
292
292
271
271
265
265
265
255
255
255
255
255
284
284
284
307
307
301
301
301
248
248
248
228
228
231
231
231
230
230
230
235
235
235
235
235
235
235
246
246
246
235
235
235
209
209
169
169
169
141
141
135
135
135
137
137
161
161
161
190
190
207
207
207
210
210
210
210
210
196
196
196
199
199
198
198
198
184
184
189
189
189
210
210
210
210
210
259
259
259
258
258
258
258
258
229
229
229
194
194
152
152
152
80
80
5
5
5
-109
-109
-109
-221
-221
-285
-285
-285
-295
-295
-231
-231
-231
-133
-133
1
1
1
150
150
150
260
260
364
364
364
429
429
429
434
434
424
424
424
430
430
430
430
430
385
385
385
380
380
404
404
404
392
392
392
392
392
459
459
459
519
519
553
553
553
569
569
569
569
569
524
524
524
493
493
475
475
475
430
430
430
504
504
526
526
526
526
526
526
526
526
405
405
405
289
289
156
156
156
17
17
-55
-55
-55
-59
-59
-59
-59
-59
91
91
91
212
212
212
212
212
344
344
344
328
328
216
216
216
168
168
168
69
69
9
9
9
-32
-32
-45
-45
-45
-21
-21
-21
22
22
57
57
57
61
61
18
18
18
26
26
26
26
26
214
214
214
345
345
452
452
452
525
525
525
563
563
557
557
557
490
490
378
378
378
251
251
251
164
164
95
95
95
74
74
78
78
78
96
96
96
99
99
77
77
77
28
28
28
-13
-13
18
18
18
-37
-37
-48
-48
-48
-78
-78
-78
-107
-107
-113
-113
-113
-122
-122
-122
-131
-131
-102
-102
-102
-76
-76
-68
-68
-68
-46
-46
-20
-20
-20
19
19
19
60
60
111
111
111
141
141
190
190
190
220
220
240
240
240
247
247
247
244
244
250
250
250
258
258
260
260
260
271
271
271
268
268
270
270
270
273
273
296
296
296
312
312
312
329
329
348
348
348
368
368
369
369
369
377
377
378
378
378
382
382
376
376
376
364
364
369
369
369
369
369
380
380
