11.067
11.233
11.167
11.233
11.267
11.1
11.1
11.067
11
10.967
11
11.2
10.967
10.9
11.033
10.9
10.933
10.967
11.067
10.933
11.133
11.1
11.033
10.9
10.967
11
11.1
11.067
11.1
11.167
10.967
10.967
10.933
11
10.967
10.967
11.067
11.167
11.1
11.067
11.033
10.867
10.967
10.9
10.833
11
11.233
11.067
10.9
10.967
10.9
10.967
11.033
10.867
11.1
11.167
11.067
11.1
11.267
11.333
11.533
11.8
12.333
12.433
12.8
13.1
13.3
13.667
14.067
14.233
14.767
15.367
15.667
15.5
16.067
16.533
16.633
16.867
17.267
17.6
17.9
18.2
18.667
18.4
19.333
19.5
19.933
20.367
20.8
21.633
22.1
22.433
22.933
23.033
24.6
25.233
25.567
26.167
26.433
27.167
27.367
27.3
28.2
28.933
29.267
29.533
29.633
30.3
30.667
31.1
31.267
31.9
32.267
32.467
32.733
33.1
33.733
33.867
33.867
34.167
34.167
34.8
35.1
35.4
35.733
35.633
35.733
35.833
36.233
36.133
36.367
36.6
36.7
36.7
36.767
36.767
37.2
37.267
37.267
37.4
37.233
37.267
37.367
37.267
37.433
37.367
37.133
37.233
37.233
37.167
37.233
37.2
37.2
37.167
37.033
36.867
36.867
36.867
36.667
36.533
36.767
36.633
36.5
36.3
36.167
36
36.1
35.767
36.033
35.667
35.4
35.3
35.333
35.033
34.767
34.7
34.667
34.667
34.3
34.133
34.033
34.033
33.267
33.233
33.133
32.567
32.3
32.067
31.567
31.533
31.067
30.567
30.4
30.067
29.733
29.4
28.9
28.267
28.367
27.6
27.467
26.9
26.467
26.267
25.433
24.867
24.6
24.167
24.1
23.267
22.6
22.2
21.633
21.567
20.833
20.267
19.633
19.6
18.767
18.2
17.767
17.367
16.967
16.367
15.967
15.667
14.633
14.433
14.033
13.633
13.267
12.7
12.4
11.967
11.8
11.8
11.033
10.633
10.1
9.667
9.733
9.167
8.767
8.233
8.133
7.567
6.967
6.667
6.467
5.933
5.333
4.967
4.6
4.367
4.3
3.833
3.467
3
2.733
2.733
2.233
1.767
1.267
0.667
0.267
-0.433
-1.1
-1.5
-2
-2.4
-3.4
-3.767
-4.067
-4.733
-5.067
-5.367
-5.567
-6
-6.767
-7.4
-7.633
-8.033
-8.467
-9.033
-9.367
-10
-10.167
-10.833
-11.067
-11.5
-12.067
-12.267
-13
-13.333
-13.6
-14.033
-14.2
-14.8
-15.267
-15.7
-15.8
-16.067
-16.467
-16.833
-17.3
-17.367
-17.8
-18.067
-18.233
-18.4
-18.667
-19.033
-19.267
-19.367
-19.867
-20.033
-20.033
-20.267
-20.333
-20.567
-20.4
-20.667
-20.633
-20.7
-20.7
-20.933
-20.933
-21
-20.833
-20.9
-20.967
-21
-20.833
-21.067
-20.967
-20.933
-20.8
-20.7
-20.7
-20.7
-20.567
-20.5
-20.467
-20.333
-20.333
-20.233
-20.267
-20.233
-20.167
-19.833
-19.933
-19.933
-19.833
-19.6
-19.767
-19.667
-19.633
-19.367
-19.167
-19.2
-18.9
-18.867
-18.667
-18.5
-18.467
-18.033
-17.867
-17.8
-17.433
-17.367
-17.133
-16.767
-16.433
-16.3
-16.267
-15.8
-15.433
-15.033
-14.8
-14.433
-13.933
-13.6
-13.233
-13
-12.467
-11.833
-11.467
-11.1
-10.967
-10
-9.533
-8.9
-8.333
-8.233
-6.967
-6.267
-5.5
-4.733
-4.4
-3.6
-2.9
-2.333
-0.733
-0.167
0.533
1
1.233
2.1
2.667
2.867
3.267
3.7
4.567
5.067
5.533
5.9
6.667
7.4
8.133
8.9
8.9
9.967
10.533
10.933
11.667
11.833
12.867
13.367
13.867
14.633
14.833
15.733
16.333
16.933
17.2
17.467
17.933
18.667
19.1
19.067
19.867
20.267
20.5
20.833
21.167
21.8
22.467
22.467
23.033
23.067
23
23.033
23.4
23.467
23.667
23.867
23.9
23.867
24.367
24.6
24.9
25.333
25.333
25.6
25.967
26.367
26.5
27.1
27.433
27.8
27.933
28.233
28.467
29.1
29.267
29.333
29.4
30.067
30.333
30.6
30.933
31.067
31.467
31.833
32.267
32.333
32.8
33.333
33.367
33.733
34.567
34.833
35.167
35.167
35.367
35.9
36
36.033
36.233
36.4
36.633
36.767
36.9
36.867
37.033
37.167
37.2
37.433
37.367
37.433
37.2
37.367
37.2
37.4
37.6
37.2
37.233
37.4
37.2
37.233
37.1
37
36.933
36.7
36.567
36.3
36.533
36.467
36.167
36.1
36.067
35.7
35.6
35.4
35.133
35.067
34.833
34.633
34.8
34.6
34.633
34.633
34.4
34.4
34.267
34.267
34.167
34.2
34.233
33.967
34.033
33.7
33.533
33.2
33.333
32.933
32.567
32.433
32.233
32.133
31.667
31.267
31.3
30.933
30.9
30.4
30.133
30
29.567
29.533
29.2
29
28.533
28.467
28.033
27.533
27.267
27.1
26.2
25.867
25.333
25.5
24.6
24.267
24
23.667
23.367
22.833
22.367
22.133
21.867
21.9
21.033
20.767
20.133
19.833
19.733
19.4
19.067
18.6
18.367
17.833
17.433
17.1
16.933
16.567
15.867
15.433
15.1
14.833
14.867
14.167
13.667
13.167
12.8
12.7
12.333
11.9
11.7
11.367
10.9
10.333
9.6
9.4
8.8
8.767
8.267
7.9
7.6
7.2
6.833
6.633
6.3
6.433
5.9
5.533
5.3
5.367
4.933
4.6
4.2
3.833
3.8
3.1
2.9
2.6
2.3
2.133
1.3
0.767
0.533
-0.033
0
-0.833
-1.2
-1.933
-2.033
-2.533
-2.967
-3.433
-3.933
-4.067
-4.767
-5.233
-5.567
-5.867
-7.167
-7.567
-8.067
-8.333
-9.033
-9.333
-9.7
-9.8
-9.867
-10.833
-11.267
-11.533
-11.833
-11.867
-12.467
-12.867
-13.333
-13.5
-13.867
-14.233
-14.5
-14.967
-15.067
-15.767
-16.133
-16.267
-16.5
-16.733
-17
-17.567
-17.9
-18.067
-17.967
-18.367
-18.6
-18.9
-19.033
-19.033
-19.367
-19.467
-19.667
-19.667
-20.1
-20.167
-20.3
-20.333
-20.633
-20.533
-20.7
-20.8
-20.933
-20.933
-21
-20.833
-21
-21.033
-21.033
-20.967
-21.033
-21
-20.933
-20.967
-20.867
-20.867
-20.833
-20.767
-20.733
-20.533
-20.467
-20.4
-20.533
-20.333
-20.167
-20.267
-20.1
-20.033
-19.867
-20.033
-19.833
-19.767
-19.567
-19.7
-19.567
-19.533
-19.467
-19.467
-19.2
-19.1
-18.9
-18.7
-18.6
-18.533
-18.2
-18.1
-17.9
-17.7
-17.6
-17.167
-17.067
-16.867
-16.5
-16.567
-16.3
-16.033
-15.6
-15.767
-15.4
-15.133
-14.733
-14.6
-14.533
-14.067
-13.533
-13.5
-13.133
-13
-12.3
-11.833
-11.533
-11.233
-11.167
-10.467
-10
-9.467
-9.1
-8.533
-8.067
-7.667
-7.167
-6.667
-5.933
-5.433
-4.467
-3.833
-3.3
-2.833
-2.167
-1.767
-0.6
0.1
0.7
1.2
1.433
2.6
3.333
3.9
4.533
4.5
5.667
5.967
6.767
7.433
7.933
8.867
9.4
9.933
10.367
11.367
12.067
12.5
13.033
13.4
14.067
14.867
15.667
16.233
16.2
16.867
17.2
17.7
18.233
18.433
19.1
19.667
19.667
20
21.033
21.3
21.833
21.933
22.367
22.467
22.6
22.8
23.1
23.3
23.4
23.333
23.433
23.233
23.467
23.867
24.267
23.967
24.433
24.6
25.133
25.3
25.433
26.233
26.367
26.633
26.9
27.2
27.867
28.233
28.267
28.6
28.667
28.967
29.233
29.633
29.6
30.133
30.233
30.5
30.733
31.067
31.5
31.867
32.467
33
33.033
33.467
34
34
34.567
34.7
34.9
35.033
35.3
35.633
36.133
36.167
36.067
36.067
36.4
36.633
36.8
36.7
37.067
36.933
37.033
37.233
37.2
37.4
37.467
37.367
37.367
37.267
37.633
37.5
37.4
37.8
37.433
37.467
37.233
37.467
37.467
37.367
37.3
37.2
37.2
37.167
36.733
36.6
36.6
36.6
36.5
36.267
36.033
35.933
35.8
35.667
35.6
35.367
35.3
35.267
34.967
34.8
34.7
34.733
34.633
34.367
34.3
34.1
34.033
33.933
33.767
33.467
33.267
32.967
32.567
32.533
32.033
31.8
31.467
31.267
30.733
30.367
30.267
29.967
29.367
29.233
28.833
28.733
28.133
27.9
27.233
26.6
26.367
25.967
25.767
25.633
24.7
24.267
24.133
23.667
23.1
22.8
22.133
21.667
21.3
20.833
20.233
19.7
19.2
19.133
18.233
17.9
17.6
17.2
17.033
16.333
