-420
-420
-421
-421
-421
-414
-414
-414
-414
-414
-416
-416
-416
-416
-416
-411
-411
-411
-391
-391
-372
-372
-372
-361
-361
-360
-360
-360
-358
-358
-358
-358
-358
-366
-366
-366
-364
-364
-337
-337
-337
-335
-335
-325
-325
-325
-328
-328
-334
-334
-334
-352
-352
-367
-367
-367
-391
-391
-398
-398
-398
-408
-408
-408
-411
-411
-416
-416
-416
-422
-422
-430
-430
-430
-442
-442
-451
-451
-451
-452
-452
-450
-450
-450
-445
-445
-413
-413
-413
-365
-365
-365
-317
-317
-249
-249
-249
-175
-175
-104
-104
-104
-52
-52
-52
-12
-12
50
50
50
131
131
131
213
213
270
270
270
313
313
330
330
330
332
332
332
323
323
306
306
306
304
304
304
328
328
353
353
353
363
363
363
357
357
334
334
334
311
311
311
279
279
242
242
242
243
243
237
237
237
174
174
174
99
99
20
20
20
-43
-43
-123
-123
-123
-207
-207
-207
-291
-291
-374
-374
-374
-374
-374
-453
-453
-453
-465
-465
-450
-450
-450
-415
-415
-415
-365
-365
-326
-326
-326
-309
-309
-309
-298
-298
-286
-286
-286
-250
-250
-212
-212
-212
-160
-160
-160
-101
-101
-58
-58
-58
-38
-38
-47
-47
-47
-38
-38
-38
-36
-36
-35
-35
-35
-58
-58
-58
-78
-78
-97
-97
-97
-124
-124
-124
-166
-166
-205
-205
-205
-233
-233
-265
-265
-265
-290
-290
-290
-337
-337
-360
-360
-360
-394
-394
-394
-423
-423
-447
-447
-447
-450
-450
-445
-445
-445
-431
-431
-390
-390
-390
-317
-317
-317
-286
-286
-291
-291
-291
-285
-285
-274
-274
-274
-258
-258
-250
-250
-250
-247
-247
-229
-229
-229
-220
-220
-210
-210
-210
-206
-206
-206
-198
-198
-201
-201
-201
-211
-211
-214
-214
-214
-222
-222
-230
-230
-230
-242
-242
-248
-248
-248
-226
-226
-221
-221
-221
-232
-232
-232
-259
-259
-313
-313
-313
-347
-347
-347
-338
-338
-344
-344
-344
-348
-348
-348
-348
-348
-348
-348
-348
-353
-353
-346
-346
-346
-329
-329
-329
-339
-339
-351
-351
-351
-357
-357
-357
-359
-359
-348
-348
-348
-343
-343
-340
-340
-340
-348
-348
-348
-355
-355
-356
-356
-356
-337
-337
-337
-326
-326
-319
-319
-319
-311
-311
-298
-298
-298
-290
-290
-290
-293
-293
-290
-290
-290
-283
-283
-279
-279
-279
-282
-282
-282
-282
-282
-288
-288
-273
-273
-273
-289
-289
-289
-309
-309
-308
-308
-308
-310
-310
-310
-310
-310
-313
-313
-316
-316
-316
-319
-319
-319
-317
-317
-321
-321
-321
-315
-315
-306
-306
-306
-302
-302
-303
-303
-303
-284
-284
-277
-277
-277
-272
-272
-265
-265
-265
-254
-254
-247
-247
-247
-234
-234
-230
-230
-230
-233
-233
-240
-240
-240
-241
-241
-241
-236
-236
-233
-233
-233
-232
-232
-233
-233
-233
-235
-235
-236
-236
-236
-278
-278
-352
-352
-352
-407
-407
-407
-423
-423
-445
-445
-445
-457
-457
-462
-462
-462
-466
-466
-466
-463
-463
-463
-463
-463
-455
-455
-455
-440
-440
-425
-425
-425
-422
-422
-422
-423
-423
-423
-423
-423
-411
-411
-395
-395
-395
-389
-389
-389
-379
-379
-373
-373
-373
-357
-357
-357
-357
-357
-329
-329
-329
-324
-324
-295
-295
-295
-263
-263
-241
-241
-241
-234
-234
-234
-223
-223
-198
-198
-198
-178
-178
-178
-143
-143
-132
-132
-132
-117
-117
-134
-134
-134
-131
-131
-131
-132
-132
-135
-135
-135
-160
-160
-187
-187
-187
-203
-203
-203
-203
-203
-194
-194
-194
-191
-191
-189
-189
-189
-178
-178
-163
-163
-163
-155
-155
-149
-149
-149
-145
-145
-142
-142
-142
-130
-130
-130
-120
-120
-101
-101
-101
-69
-69
-55
-55
-55
-27
-27
-3
-3
-3
26
26
43
43
43
47
47
47
39
39
52
52
52
77
77
122
122
122
163
163
194
194
194
222
222
262
262
262
288
288
305
305
305
314
314
314
312
312
307
307
307
300
300
298
298
298
283
283
283
241
241
186
186
186
140
140
140
119
119
102
102
102
59
59
59
23
23
-11
-11
-11
-35
-35
-54
-54
-54
-79
-79
-79
-117
-117
-155
-155
-155
-192
-192
-192
-222
-222
-237
-237
-237
-247
-247
-244
-244
-244
-226
-226
-202
-202
-202
-183
-183
-168
-168
-168
-147
-147
-147
-131
-131
-113
-113
-113
-99
-99
-39
-39
-39
-29
-29
-5
-5
-5
19
19
19
67
67
91
91
91
106
106
128
128
128
150
150
150
159
159
165
165
165
167
167
158
158
158
146
146
146
177
177
186
186
186
189
189
165
165
165
137
137
137
119
119
104
104
104
92
92
92
65
65
31
31
31
-21
-21
-21
-60
-60
-90
-90
-90
-127
-127
-181
-181
-181
-235
-235
-235
-283
-283
-323
-323
-323
-358
-358
-358
-358
-358
-422
-422
-422
-435
-435
-435
-447
-447
-455
-455
-455
-457
-457
-454
-454
-454
-457
-457
-450
-450
-450
-440
-440
-440
-417
-417
-359
-359
-359
-320
-320
-320
-307
-307
-278
-278
-278
-247
-247
-186
-186
-186
-116
-116
-116
-61
-61
-34
-34
-34
-4
-4
16
16
16
35
35
35
35
35
105
105
105
127
127
127
153
153
148
148
148
144
144
188
188
188
209
209
209
244
244
262
262
262
269
269
269
264
264
256
256
256
246
246
239
239
239
238
238
238
238
238
241
241
241
254
254
254
253
253
232
232
232
224
224
226
226
226
219
219
219
208
208
194
194
194
179
179
179
171
171
166
166
166
151
151
112
112
112
85
85
85
55
55
24
24
24
-21
-21
-21
-57
-57
-105
-105
-105
-151
-151
-228
-228
-228
-292
-292
-359
-359
-359
-410
-410
-417
-417
-417
-425
-425
-428
-428
-428
-420
-420
-420
-401
-401
-371
-371
-371
-333
-333
-292
-292
-292
-261
-261
-261
-238
-238
-219
-219
-219
-216
-216
-216
-223
-223
-227
-227
-227
-235
-235
-234
-234
-234
-247
-247
-254
-254
-254
-269
-269
-261
-261
-261
-191
-191
-139
-139
-139
-67
-67
-67
33
33
143
143
143
190
190
179
179
179
112
112
112
18
18
-72
-72
-72
-22
-22
-22
66
66
215
215
215
383
383
470
470
470
490
490
474
474
474
431
431
431
431
431
299
299
299
260
260
260
260
260
264
264
264
301
301
329
329
329
329
329
329
307
307
269
269
269
213
213
213
109
109
14
14
14
-46
-46
-77
-77
-77
-61
-61
-61
15
15
67
67
67
150
150
250
250
250
327
327
327
369
369
390
390
390
344
344
309
309
309
247
247
178
178
178
99
99
39
39
39
-21
-21
-21
-43
-43
-76
-76
-76
-81
-81
-81
-91
-91
-109
-109
-109
-133
-133
-238
-238
-238
-335
-335
-335
-406
-406
-457
-457
-457
-452
-452
-405
-405
-405
-323
-323
-323
-222
-222
-128
-128
-128
-47
-47
34
34
34
110
110
110
182
182
224
224
224
258
258
283
283
283
296
296
296
297
297
273
273
273
234
234
156
156
156
56
56
56
-50
-50
-125
-125
-125
-112
-112
-36
-36
-36
73
73
73
209
209
364
364
364
466
466
466
504
504
468
468
468
396
396
327
327
327
250
250
250
203
203
202
202
202
224
224
256
256
256
268
268
254
254
254
229
229
191
191
191
150
150
150
129
129
150
150
150
177
177
203
203
203
230
230
230
237
237
221
221
221
217
217
158
158
158
103
103
103
103
103
102
102
102
151
151
229
229
229
314
314
314
379
379
423
423
423
447
447
458
458
458
448
448
448
412
412
357
357
357
317
317
317
267
267
243
243
243
192
192
165
165
165
134
134
134
108
108
43
43
43
-71
-71
-225
-225
-225
-322
-322
-433
-433
-433
-460
-460
-460
-409
-409
-317
-317
-317
-204
-204
-83
-83
-83
16
16
60
60
60
73
73
73
97
97
115
115
115
111
111
111
114
114
119
119
119
121
121
125
125
125
116
116
116
130
130
179
179
179
265
265
265
365
365
441
441
441
479
479
479
479
479
412
412
412
322
322
200
200
200
94
94
94
77
77
55
55
55
18
18
18
-8
-8
-32
-32
-32
-58
-58
-79
-79
-79
-108
-108
-108
-191
-191
-308
-308
-308
-377
-377
-440
-440
-440
-463
-463
-448
-448
-448
-408
-408
-346
-346
-346
-297
-297
-297
-297
-297
-169
-169
-169
-149
-149
-127
-127
-127
-101
-101
-89
-89
-89
-60
-60
-60
-60
-60
1
1
1
-50
-50
-50
-50
-50
-188
-188
-188
-269
-269
-306
-306
-306
-343
-343
-363
-363
-363
-329
-329
-329
-228
-228
-86
-86
-86
66
66
223
223
223
336
336
415
415
415
453
453
453
475
475
448
448
448
392
392
392
349
349
331
331
331
279
279
279
279
279
179
179
179
151
151
144
144
144
179
179
179
179
179
205
205
205
176
176
144
144
144
88
88
88
88
88
47
47
47
100
100
123
123
123
116
116
116
26
26
-88
-88
-88
-211
-211
-211
-211
-211
-408
-408
-408
-446
-446
-414
-414
-414
-295
-295
-120
-120
-120
58
58
58
58
58
343
343
343
440
440
440
440
440
447
447
447
403
403
398
398
398
377
377
377
378
378
359
359
359
348
348
343
343
343
347
347
347
352
352
332
332
332
318
318
336
336
336
338
338
338
338
338
326
326
326
244
244
134
134
134
38
38
38
-79
-79
-215
-215
-215
-350
-350
-416
-416
-416
-390
-390
-390
-292
-292
-159
-159
-159
22
22
199
199
199
351
351
351
443
443
489
489
489
483
483
483
420
420
408
408
408
328
328
321
321
321
296
296
296
294
294
295
295
295
290
290
290
281
281
279
279
279
272
272
276
276
276
300
300
319
319
319
319
319
319
330
330
336
336
336
338
338
332
332
332
332
332
324
324
324
326
326
326
324
324
318
318
318
316
316
311
311
311
314
314
314
311
311
307
307
307
309
309
321
321
321
341
341
341
354
354
365
365
365
370
370
382
382
382
393
393
398
398
398
403
403
413
413
413
424
424
418
418
418
421
421
417
417
