-10.4
-10.533
-10.633
-10.7
-10.6
-10.533
-10.767
-10.667
-10.567
-10.5
-10.667
-10.6
-10.667
-10.7
-10.733
-10.633
-10.633
-10.5
-10.667
-10.633
-10.6
-10.7
-10.633
-10.633
-10.733
-10.7
-10.633
-10.6
-10.633
-10.633
-10.667
-10.6
-10.6
-10.667
-10.667
-10.667
-10.667
-10.633
-10.733
-10.533
-10.7
-10.7
-10.567
-10.6
-10.6
-10.567
-10.633
-10.8
-10.567
-10.667
-10.6
-10.667
-10.633
-10.733
-10.7
-10.633
-10.6
-10.567
-10.567
-10.533
-10.6
-10.533
-10.433
-10.5
-10.533
-10.6
-10.3
-10.233
-10.133
-10.1
-10.033
-9.967
-9.833
-9.8
-9.633
-9.667
-9.433
-9.333
-9.3
-9.267
-9.067
-8.967
-8.9
-8.9
-8.667
-8.333
-8.167
-7.967
-7.933
-7.367
-7.2
-6.9
-6.7
-6.6
-5.6
-5.233
-5.167
-4.467
-4.167
-3.8
-3.567
-3.467
-2.667
-2.167
-1.9
-1.367
-1.3
-0.6
0.1
0.433
0.8
1.333
1.967
2.367
2.933
3.3
4.067
4.5
4.933
5.367
5.533
6.433
7.2
7.767
8.133
8.2
9.2
9.8
10.367
10.7
11.333
11.9
12.3
12.733
13
13.633
14.267
14.5
15.333
16.1
16.7
16.933
17.367
17.733
18.5
18.733
19.2
19.4
20.033
20.6
20.967
21.4
21.433
22.133
22.567
23
23.567
23.767
24.333
24.767
25.067
25.267
25.667
26.367
26.867
27.1
27.267
27.567
27.8
28.567
28.9
28.833
29.633
29.833
30.267
30.7
30.933
31.6
31.867
32.033
32.267
32.4
33.467
33.967
34.233
35
35.3
35.767
35.9
36.1
36.9
37.533
37.933
38.3
38.433
38.867
39.4
39.867
39.867
40.6
40.867
41.167
41.533
41.867
42.5
42.767
43
43.133
43.167
43.767
44.333
44.367
44.6
44.7
45.133
45.333
45.5
45.667
46.167
46.133
46.267
46.4
46.7
46.867
46.933
47.033
47.3
47.267
47.233
47.5
47.5
47.6
47.733
47.667
47.667
47.6
47.7
47.8
48.033
47.867
47.9
48.067
47.9
47.967
47.833
48
48.033
47.867
47.767
47.9
47.9
47.967
47.633
47.7
47.733
47.6
47.467
47.6
47.5
47.467
47.267
46.933
47.067
46.9
46.967
46.733
46.433
46.3
46.133
46
45.567
45.4
45.267
44.967
44.867
44.567
44.3
44.067
43.767
43.5
43.167
43.067
42.7
42.333
42.067
41.633
41.6
41.033
40.667
40.333
39.667
39.6
38.833
38.467
38.1
37.7
37.433
36.7
36.133
35.567
35.467
34.867
34.333
33.733
33.067
33
32
31.567
31.033
30.533
30.233
29.167
28.667
28.233
26.867
26.533
25.967
25.1
24.9
24.033
23.7
23
22.567
22.4
21.367
20.833
20.133
19.8
19.633
19.133
18.567
17.9
17.9
17.067
16.7
16.3
15.8
15.467
14.533
14.167
13.867
13.567
13.467
12.633
12.333
11.967
11.867
11.933
11.5
11.4
10.867
11.033
10.633
10.567
10.267
10.033
9.767
9.3
8.6
8.433
7.967
7.433
7.167
6.8
6.433
5.833
5.367
5.033
4.767
4.667
3.967
3.367
2.867
2.5
2.5
1.867
1.233
0.8
0.533
0.067
-0.533
-0.9
-1.167
-1.567
-2.067
-2.633
-3.2
-3.5
-3.5
-4.333
-4.8
-5.333
-5.733
-5.767
-6.533
-6.9
-7.3
-7.6
-7.867
-8.267
-8.633
-8.867
-9.433
-9.667
-9.7
-9.833
-9.867
-10.333
-10.333
-10.4
-10.467
-10.533
-10.667
-10.767
-10.633
-10.733
-10.633
-10.733
-10.733
-10.767
-10.667
-10.667
-10.7
-10.533
-10.5
-10.5
-10.367
-10.3
-10.133
-10.1
-10.033
-9.733
-9.733
-9.467
-9.4
-9.3
-8.967
-8.8
-8.633
-8.533
-8.267
-8.167
-7.9
-7.6
-7.6
-7.267
-6.867
-6.867
-6.633
-6.467
-6.533
-6.5
-6.4
-6.233
-6.133
-6.167
-6.067
-6.033
-5.8
-5.5
-5.433
-5.133
-5.067
-4.767
-4.467
-4.2
-4.133
-3.7
-3.433
-3.2
-2.967
-2.733
-2.367
-1.967
-1.733
-1.4
-1.467
-0.833
-0.467
-0.133
0.333
0.433
0.9
1.467
2.033
2.233
2.867
3.467
3.933
4.467
6
6.467
7.167
7.333
7.967
8.933
9.367
9.8
10.333
10.967
11.7
12.333
12.8
12.9
13.733
14.3
15.133
15.9
15.967
17.067
17.6
18.133
18.6
19.1
19.867
20.333
20.767
21.267
21.567
22.4
23.067
23.733
23.9
24.433
24.9
25.5
26.2
26.267
27.167
27.467
27.767
28.267
28.7
29.3
30.067
30.233
30.7
30.767
30.867
31.033
31.167
31.5
31.6
31.6
31.6
31.533
31.767
32
32.267
32.4
32.567
32.867
33.167
33.633
33.767
34.533
34.833
35.033
35.367
35.667
36.333
36.633
36.867
37.067
36.967
37.633
37.933
38.433
38.6
38.767
39.133
39.3
39.6
39.733
40.3
40.667
40.767
41.067
41.833
42.033
42.2
42.467
42.967
43.133
43.333
43.4
43.667
44.1
44.333
44.5
44.467
44.433
44.933
45.167
45.433
45.5
45.467
45.767
45.967
45.933
46.033
46.367
46.433
46.633
46.567
46.767
47.067
47.133
47.2
47.233
47.133
47.2
47.467
47.533
47.733
47.7
47.567
47.6
47.767
47.767
47.867
48
47.867
47.833
48
48
47.8
48
48.033
48.033
47.967
47.967
48.133
47.933
47.967
47.9
47.967
47.8
48
47.9
47.8
47.667
47.667
47.667
47.567
47.567
47.5
47.5
47.167
47.167
47.133
47
46.9
46.6
46.5
46.367
46.267
46
45.867
45.6
45.333
45.4
45.033
44.733
44.533
44.267
43.633
43.4
43.2
43
42.5
42.3
42.1
41.7
41.567
41.033
40.667
40.433
40.133
40
39.333
38.9
38.533
38.267
38
37.433
37.033
36.6
36.4
35.667
35.233
34.9
34.5
34.1
33.4
32.9
32.4
32
31.967
31.067
30.567
29.8
29.467
29.167
28.467
27.967
27.433
27.1
26.4
25.767
24.633
24.433
23.567
23.333
22.567
22.267
21.667
20.967
20.633
20.1
19.8
19.233
18.6
18.167
17.733
17.867
16.833
16.433
15.867
15.4
15.2
14.367
14.1
13.733
13.567
13.033
12.433
12.2
12
11.633
11.567
11.2
10.8
10.467
10.633
10.333
10.1
9.9
9.567
9.367
8.9
8.867
8.6
8.233
7.567
7.133
6.633
6.533
5.9
5.633
5.333
5.033
4.867
4.133
3.667
3.4
3.033
3.1
2.5
2.133
1.8
1.733
1.1
0.967
0.567
0.233
0
-0.567
-0.8
-1.233
-1.467
-1.633
-2.267
-2.8
-3.2
-3.433
-3.433
-4.1
-4.533
-4.967
-5.1
-5.667
-5.933
-6.233
-6.433
-6.8
-7.133
-7.6
-8.033
-8.433
-8.633
-8.8
-9.133
-9.367
-9.633
-9.833
-9.933
-9.933
-10.1
-10.433
-10.533
-10.767
-10.533
-10.5
-10.8
-10.8
-10.8
-10.833
-10.867
-10.967
-10.9
-10.733
-10.767
-10.733
-10.6
-10.533
-10.5
-10.367
-10.233
-10.067
-9.933
-9.867
-9.867
-9.5
-9.267
-9.133
-9
-8.933
-8.733
-8.5
-8.433
-8.233
-7.733
-7.633
-7.467
-7.433
-7.1
-6.967
-6.8
-6.8
-6.7
-6.567
-6.467
-6.533
-6.467
-6.433
-6.433
-6.2
-6.067
-6.1
-5.867
-5.667
-5.4
-5.133
-5.133
-4.667
-4.433
-4.133
-3.867
-3.833
-3.233
-3
-2.9
-2.5
-2.367
-1.933
-1.667
-1.4
-1.467
-1
-0.733
-0.367
0.067
0.233
0.767
1.167
2
2.767
3.167
3.7
4.4
4.467
5.467
5.967
6.433
6.933
7.333
8.2
8.733
9.067
9.467
9.7
10.4
10.9
11.4
11.467
12.333
12.8
13.233
13.833
14.067
14.967
15.4
15.867
16.267
16.4
17.633
18.033
18.7
18.8
19
19.833
20.4
21.033
21.1
21.9
22.4
22.8
23.2
23.767
24.867
25.367
25.7
26.167
26.833
27.033
27.4
27.933
28.3
28.867
29.367
29.733
29.667
30.167
30.633
31
31.333
31.3
31.6
31.7
31.967
32.333
32.733
33.133
33.4
33.633
34.1
34.333
35.1
35.5
35.967
36.033
36.633
37
37.533
37.967
37.967
38.633
38.867
39.133
39.6
39.767
40.433
40.633
41.067
41.6
41.833
42
42.233
42.533
43.033
43.367
43.567
43.767
44.2
44.333
44.567
44.867
44.967
45.2
45.433
45.667
46.033
46.033
46.233
46.533
46.533
46.667
46.833
47.067
