11.067 -10.400 -7.133
11.233 -10.533 -6.900
11.167 -10.633 -7.000
11.233 -10.700 -6.867
11.267 -10.600 -6.733
11.100 -10.533 -7.033
11.100 -10.767 -7.033
11.067 -10.667 -7.633
11.000 -10.567 -7.400
10.967 -10.500 -7.567
11.000 -10.667 -7.200
11.200 -10.600 -7.133
10.967 -10.667 -7.267
10.900 -10.700 -7.467
11.033 -10.733 -7.333
10.900 -10.633 -7.567
10.933 -10.633 -7.533
10.967 -10.500 -7.500
11.067 -10.667 -7.367
10.933 -10.633 -7.533
11.133 -10.600 -7.100
11.100 -10.700 -7.333
11.033 -10.633 -7.333
10.900 -10.633 -7.500
10.967 -10.733 -7.267
11.000 -10.700 -7.500
11.100 -10.633 -7.400
11.067 -10.600 -7.233
11.100 -10.633 -7.167
11.167 -10.633 -7.067
10.967 -10.667 -7.367
10.967 -10.600 -7.433
10.933 -10.600 -7.633
11.000 -10.667 -7.233
10.967 -10.667 -7.433
10.967 -10.667 -7.467
11.067 -10.667 -7.333
11.167 -10.633 -7.100
11.100 -10.733 -7.233
11.067 -10.533 -7.467
11.033 -10.700 -7.300
10.867 -10.700 -7.600
10.967 -10.567 -7.500
10.900 -10.600 -7.600
10.833 -10.600 -7.533
11.000 -10.567 -7.500
11.233 -10.633 -7.033
11.067 -10.800 -7.100
10.900 -10.567 -7.500
10.967 -10.667 -7.533
10.900 -10.600 -7.567
10.967 -10.667 -7.600
11.033 -10.633 -7.467
10.867 -10.733 -7.467
11.100 -10.700 -7.167
11.167 -10.633 -7.200
11.067 -10.600 -7.300
11.100 -10.567 -7.433
11.267 -10.567 -7.233
11.333 -10.533 -7.500
11.533 -10.600 -7.667
11.800 -10.533 -7.633
12.333 -10.433 -7.333
12.433 -10.500 -7.267
12.800 -10.533 -7.300
13.100 -10.600 -7.233
13.300 -10.300 -7.400
13.667 -10.233 -7.300
14.067 -10.133 -7.233
14.233 -10.100 -7.533
14.767 -10.033 -7.500
15.367 -9.967 -7.000
15.667 -9.833 -7.200
15.500 -9.800 -7.633
16.067 -9.633 -7.300
16.533 -9.667 -7.333
16.633 -9.433 -7.633
16.867 -9.333 -7.667
17.267 -9.300 -7.333
17.600 -9.267 -7.500
17.900 -9.067 -7.400
18.200 -8.967 -7.267
18.667 -8.900 -7.267
18.400 -8.900 -7.700
19.333 -8.667 -7.233
19.500 -8.333 -7.633
19.933 -8.167 -7.767
20.367 -7.967 -7.767
20.800 -7.933 -7.333
21.633 -7.367 -7.400
22.100 -7.200 -7.433
22.433 -6.900 -7.500
22.933 -6.700 -7.533
23.033 -6.600 -7.600
24.600 -5.600 -7.867
25.233 -5.233 -7.433
25.567 -5.167 -7.400
26.167 -4.467 -7.533
26.433 -4.167 -7.533
27.167 -3.800 -7.400
27.367 -3.567 -7.867
27.300 -3.467 -7.967
28.200 -2.667 -7.933
28.933 -2.167 -7.700
29.267 -1.900 -7.700
29.533 -1.367 -7.700
29.633 -1.300 -7.967
30.300 -0.600 -8.133
30.667 0.100 -8.133
31.100 0.433 -8.000
31.267 0.800 -8.167
31.900 1.333 -7.933
32.267 1.967 -8.000
32.467 2.367 -8.267
32.733 2.933 -8.233
33.100 3.300 -7.933
33.733 4.067 -8.033
33.867 4.500 -7.933
33.867 4.933 -8.000
34.167 5.367 -8.200
34.167 5.533 -8.467
34.800 6.433 -8.600
35.100 7.200 -8.200
35.400 7.767 -8.200
35.733 8.133 -7.800
35.633 8.200 -8.100
35.733 9.200 -8.567
35.833 9.800 -8.600
36.233 10.367 -8.333
36.133 10.700 -8.700
36.367 11.333 -8.367
36.600 11.900 -8.567
36.700 12.300 -8.533
36.700 12.733 -8.900
36.767 13.000 -8.500
36.767 13.633 -8.700
37.200 14.267 -8.500
37.267 14.500 -8.367
37.267 15.333 -8.533
37.400 16.100 -8.267
37.233 16.700 -8.667
37.267 16.933 -9.067
37.367 17.367 -8.800
37.267 17.733 -9.100
37.433 18.500 -8.633
37.367 18.733 -8.700
37.133 19.200 -8.833
37.233 19.400 -8.967
37.233 20.033 -9.100
37.167 20.600 -9.133
37.233 20.967 -8.933
37.200 21.400 -8.833
37.200 21.433 -8.933
37.167 22.133 -8.967
37.033 22.567 -9.200
36.867 23.000 -9.233
36.867 23.567 -8.933
36.867 23.767 -8.933
36.667 24.333 -8.967
36.533 24.767 -9.133
36.767 25.067 -8.833
36.633 25.267 -9.233
36.500 25.667 -9.367
36.300 26.367 -9.133
36.167 26.867 -8.700
36.000 27.100 -9.033
36.100 27.267 -9.300
35.767 27.567 -9.500
36.033 27.800 -9.300
35.667 28.567 -9.200
35.400 28.900 -9.000
35.300 28.833 -9.367
35.333 29.633 -9.200
35.033 29.833 -9.467
34.767 30.267 -9.533
34.700 30.700 -9.500
34.667 30.933 -9.200
34.667 31.600 -9.200
34.300 31.867 -9.267
34.133 32.033 -9.367
34.033 32.267 -9.467
34.033 32.400 -9.467
33.267 33.467 -9.567
33.233 33.967 -9.433
33.133 34.233 -8.867
32.567 35.000 -9.300
32.300 35.300 -9.200
32.067 35.767 -9.367
31.567 35.900 -9.667
31.533 36.100 -9.700
31.067 36.900 -9.600
30.567 37.533 -9.467
30.400 37.933 -9.333
30.067 38.300 -9.433
29.733 38.433 -9.733
29.400 38.867 -9.733
28.900 39.400 -9.567
28.267 39.867 -9.567
28.367 39.867 -9.733
27.600 40.600 -9.433
27.467 40.867 -9.367
26.900 41.167 -9.833
26.467 41.533 -9.867
26.267 41.867 -9.567
25.433 42.500 -9.167
24.867 42.767 -9.467
24.600 43.000 -9.567
24.167 43.133 -9.933
24.100 43.167 -10.033
23.267 43.767 -9.867
22.600 44.333 -9.667
22.200 44.367 -9.567
21.633 44.600 -9.600
21.567 44.700 -9.733
20.833 45.133 -9.900
20.267 45.333 -9.900
19.633 45.500 -9.800
19.600 45.667 -9.500
18.767 46.167 -9.500
18.200 46.133 -9.700
17.767 46.267 -9.933
17.367 46.400 -9.933
16.967 46.700 -9.700
16.367 46.867 -9.633
15.967 46.933 -9.633
15.667 47.033 -9.467
14.633 47.300 -9.600
14.433 47.267 -9.833
14.033 47.233 -9.900
13.633 47.500 -10.100
13.267 47.500 -9.633
12.700 47.600 -9.767
12.400 47.733 -9.633
11.967 47.667 -9.633
11.800 47.667 -9.767
11.800 47.600 -9.933
11.033 47.700 -9.800
10.633 47.800 -9.867
10.100 48.033 -9.733
9.667 47.867 -9.733
9.733 47.900 -9.833
9.167 48.067 -9.900
8.767 47.900 -10.000
8.233 47.967 -9.867
8.133 47.833 -9.933
7.567 48.000 -9.267
6.967 48.033 -9.800
6.667 47.867 -9.867
6.467 47.767 -9.700
5.933 47.900 -9.400
5.333 47.900 -9.733
4.967 47.967 -9.533
4.600 47.633 -9.467
4.367 47.700 -9.700
4.300 47.733 -9.833
3.833 47.600 -9.967
3.467 47.467 -9.900
3.000 47.600 -9.600
2.733 47.500 -9.533
2.733 47.467 -9.567
2.233 47.267 -9.667
1.767 46.933 -9.900
1.267 47.067 -9.933
0.667 46.900 -9.767
0.267 46.967 -9.500
-0.433 46.733 -9.233
-1.100 46.433 -9.567
-1.500 46.300 -9.800
-2.000 46.133 -9.467
-2.400 46.000 -9.367
-3.400 45.567 -9.567
-3.767 45.400 -9.467
-4.067 45.267 -9.167
-4.733 44.967 -9.267
-5.067 44.867 -9.233
-5.367 44.567 -9.567
-5.567 44.300 -9.000
-6.000 44.067 -9.467
-6.767 43.767 -9.433
-7.400 43.500 -9.267
-7.633 43.167 -8.700
-8.033 43.067 -9.400
-8.467 42.700 -9.533
-9.033 42.333 -9.567
-9.367 42.067 -9.133
-10.000 41.633 -9.133
-10.167 41.600 -9.233
-10.833 41.033 -9.133
-11.067 40.667 -9.067
-11.500 40.333 -9.400
-12.067 39.667 -9.400
-12.267 39.600 -9.067
-13.000 38.833 -8.867
-13.333 38.467 -8.967
-13.600 38.100 -9.033
-14.033 37.700 -9.100
-14.200 37.433 -9.233
-14.800 36.700 -9.000
-15.267 36.133 -8.900
-15.700 35.567 -8.800
-15.800 35.467 -8.933
-16.067 34.867 -9.033
-16.467 34.333 -9.100
-16.833 33.733 -9.067
-17.300 33.067 -8.800
-17.367 33.000 -8.900
-17.800 32.000 -8.567
-18.067 31.567 -8.633
-18.233 31.033 -9.000
-18.400 30.533 -8.633
-18.667 30.233 -8.400
-19.033 29.167 -8.600
-19.267 28.667 -8.433
-19.367 28.233 -8.367
-19.867 26.867 -8.500
-20.033 26.533 -8.700
-20.033 25.967 -8.633
-20.267 25.100 -8.733
-20.333 24.900 -8.367
-20.567 24.033 -8.267
-20.400 23.700 -8.133
-20.667 23.000 -8.633
-20.633 22.567 -8.633
-20.700 22.400 -8.700
-20.700 21.367 -8.167
-20.933 20.833 -8.267
-20.933 20.133 -8.233
-21.000 19.800 -8.267
-20.833 19.633 -8.233
-20.900 19.133 -8.600
-20.967 18.567 -8.600
-21.000 17.900 -8.467
-20.833 17.900 -8.600
-21.067 17.067 -8.233
-20.967 16.700 -8.467
-20.933 16.300 -8.600
-20.800 15.800 -8.633
-20.700 15.467 -7.867
-20.700 14.533 -8.267
-20.700 14.167 -8.167
-20.567 13.867 -8.300
-20.500 13.567 -8.333
-20.467 13.467 -8.400
-20.333 12.633 -8.400
-20.333 12.333 -8.133
-20.233 11.967 -7.833
-20.267 11.867 -8.100
-20.233 11.933 -8.400
-20.167 11.500 -8.467
-19.833 11.400 -8.033
-19.933 10.867 -8.167
-19.933 11.033 -8.433
-19.833 10.633 -7.867
-19.600 10.567 -7.867
-19.767 10.267 -8.433
-19.667 10.033 -8.500
-19.633 9.767 -8.133
-19.367 9.300 -7.900
-19.167 8.600 -8.333
-19.200 8.433 -8.300
-18.900 7.967 -7.800
-18.867 7.433 -8.000
-18.667 7.167 -8.467
-18.500 6.800 -8.367
-18.467 6.433 -7.967
-18.033 5.833 -8.100
-17.867 5.367 -8.033
-17.800 5.033 -7.900
-17.433 4.767 -7.933
-17.367 4.667 -8.067
-17.133 3.967 -8.267
-16.767 3.367 -8.133
-16.433 2.867 -7.867
-16.300 2.500 -7.800
-16.267 2.500 -7.867
-15.800 1.867 -8.167
-15.433 1.233 -8.233
-15.033 0.800 -8.167
-14.800 0.533 -8.100
-14.433 0.067 -7.800
-13.933 -0.533 -7.700
-13.600 -0.900 -7.733
-13.233 -1.167 -8.067
-13.000 -1.567 -7.733
-12.467 -2.067 -8.067
-11.833 -2.633 -7.600
-11.467 -3.200 -7.633
-11.100 -3.500 -7.800
-10.967 -3.500 -8.033
-10.000 -4.333 -7.600
-9.533 -4.800 -7.967
-8.900 -5.333 -7.633
-8.333 -5.733 -7.467
-8.233 -5.767 -7.567
-6.967 -6.533 -7.733
-6.267 -6.900 -7.900
-5.500 -7.300 -7.867
-4.733 -7.600 -7.633
-4.400 -7.867 -7.167
-3.600 -8.267 -7.500
-2.900 -8.633 -7.400
-2.333 -8.867 -7.733
-0.733 -9.433 -7.567
-0.167 -9.667 -7.767
0.533 -9.700 -7.433
1.000 -9.833 -7.667
1.233 -9.867 -7.367
2.100 -10.333 -7.267
2.667 -10.333 -7.200
2.867 -10.400 -7.533
3.267 -10.467 -7.367
3.700 -10.533 -7.567
4.567 -10.667 -7.333
5.067 -10.767 -7.333
5.533 -10.633 -7.267
5.900 -10.733 -7.600
6.667 -10.633 -7.667
7.400 -10.733 -7.733
8.133 -10.733 -7.667
8.900 -10.767 -7.300
8.900 -10.667 -7.500
9.967 -10.667 -7.200
10.533 -10.700 -7.567
10.933 -10.533 -7.767
11.667 -10.500 -7.667
11.833 -10.500 -7.467
12.867 -10.367 -7.300
13.367 -10.300 -7.433
13.867 -10.133 -7.467
14.633 -10.100 -7.300
14.833 -10.033 -7.500
15.733 -9.733 -7.700
16.333 -9.733 -7.467
16.933 -9.467 -7.200
17.200 -9.400 -7.567
17.467 -9.300 -7.733
17.933 -8.967 -7.767
18.667 -8.800 -7.467
19.100 -8.633 -7.600
19.067 -8.533 -7.767
19.867 -8.267 -7.567
20.267 -8.167 -7.767
20.500 -7.900 -7.833
20.833 -7.600 -7.800
21.167 -7.600 -7.433
21.800 -7.267 -7.600
22.467 -6.867 -7.767
22.467 -6.867 -7.967
23.033 -6.633 -7.300
23.067 -6.467 -7.667
23.000 -6.533 -7.933
23.033 -6.500 -7.900
23.400 -6.400 -7.633
23.467 -6.233 -7.800
23.667 -6.133 -7.633
23.867 -6.167 -7.633
23.900 -6.067 -7.600
23.867 -6.033 -7.833
24.367 -5.800 -7.900
24.600 -5.500 -7.800
24.900 -5.433 -7.567
25.333 -5.133 -7.433
25.333 -5.067 -7.867
25.600 -4.767 -7.900
25.967 -4.467 -8.000
26.367 -4.200 -7.700
26.500 -4.133 -8.033
27.100 -3.700 -7.700
27.433 -3.433 -7.667
27.800 -3.200 -7.567
27.933 -2.967 -8.167
28.233 -2.733 -7.800
28.467 -2.367 -8.067
29.100 -1.967 -7.467
29.267 -1.733 -7.867
29.333 -1.400 -7.933
29.400 -1.467 -8.133
30.067 -0.833 -8.133
30.333 -0.467 -8.233
30.600 -0.133 -8.000
30.933 0.333 -7.967
31.067 0.433 -8.000
31.467 0.900 -8.033
31.833 1.467 -8.333
32.267 2.033 -8.400
32.333 2.233 -8.367
32.800 2.867 -7.900
33.333 3.467 -8.067
33.367 3.933 -8.233
33.733 4.467 -8.367
34.567 6.000 -8.367
34.833 6.467 -8.567
35.167 7.167 -8.433
35.167 7.333 -8.533
35.367 7.967 -8.233
35.900 8.933 -8.200
36.000 9.367 -8.433
36.033 9.800 -8.533
36.233 10.333 -8.333
36.400 10.967 -8.667
36.633 11.700 -8.500
36.767 12.333 -8.300
36.900 12.800 -8.467
36.867 12.900 -8.867
37.033 13.733 -8.867
37.167 14.300 -8.567
37.200 15.133 -8.833
37.433 15.900 -8.667
37.367 15.967 -8.667
37.433 17.067 -8.500
37.200 17.600 -9.100
37.367 18.133 -9.133
37.200 18.600 -9.033
37.400 19.100 -8.700
37.600 19.867 -8.867
37.200 20.333 -8.900
37.233 20.767 -9.067
37.400 21.267 -8.900
37.200 21.567 -9.167
37.233 22.400 -9.100
37.100 23.067 -9.000
37.000 23.733 -9.033
36.933 23.900 -9.000
36.700 24.433 -9.267
36.567 24.900 -9.333
36.300 25.500 -9.367
36.533 26.200 -9.067
36.467 26.267 -9.033
36.167 27.167 -9.167
36.100 27.467 -9.333
36.067 27.767 -9.133
35.700 28.267 -9.533
35.600 28.700 -9.300
35.400 29.300 -9.167
35.133 30.067 -9.300
35.067 30.233 -9.333
34.833 30.700 -9.167
34.633 30.767 -9.267
34.800 30.867 -9.500
34.600 31.033 -9.600
34.633 31.167 -9.467
34.633 31.500 -9.267
34.400 31.600 -9.300
34.400 31.600 -9.267
34.267 31.600 -9.367
34.267 31.533 -9.633
34.167 31.767 -9.600
34.200 32.000 -9.400
34.233 32.267 -9.233
33.967 32.400 -9.433
34.033 32.567 -9.167
33.700 32.867 -9.633
33.533 33.167 -9.733
33.200 33.633 -9.533
33.333 33.767 -9.433
32.933 34.533 -9.400
32.567 34.833 -9.367
32.433 35.033 -9.567
32.233 35.367 -9.767
32.133 35.667 -9.567
31.667 36.333 -9.533
31.267 36.633 -9.467
31.300 36.867 -9.333
30.933 37.067 -9.633
30.900 36.967 -9.933
30.400 37.633 -9.800
30.133 37.933 -9.667
30.000 38.433 -9.533
29.567 38.600 -9.567
29.533 38.767 -9.567
29.200 39.133 -9.533
29.000 39.300 -9.933
28.533 39.600 -9.900
28.467 39.733 -9.800
28.033 40.300 -9.167
27.533 40.667 -9.633
27.267 40.767 -9.700
27.100 41.067 -9.900
26.200 41.833 -9.833
25.867 42.033 -9.967
25.333 42.200 -9.867
25.500 42.467 -9.600
24.600 42.967 -9.633
24.267 43.133 -9.767
24.000 43.333 -9.933
23.667 43.400 -9.833
23.367 43.667 -9.700
22.833 44.100 -9.833
22.367 44.333 -9.600
22.133 44.500 -9.300
21.867 44.467 -9.767
21.900 44.433 -9.900
21.033 44.933 -9.967
20.767 45.167 -9.633
20.133 45.433 -9.633
19.833 45.500 -9.667
19.733 45.467 -9.833
19.400 45.767 -9.833
19.067 45.967 -10.100
18.600 45.933 -9.967
18.367 46.033 -10.033
17.833 46.367 -9.667
17.433 46.433 -9.733
17.100 46.633 -9.867
16.933 46.567 -10.033
16.567 46.767 -9.633
15.867 47.067 -9.800
15.433 47.133 -9.700
15.100 47.200 -9.733
14.833 47.233 -9.833
14.867 47.133 -10.067
14.167 47.200 -10.133
13.667 47.467 -10.067
13.167 47.533 -9.767
12.800 47.733 -9.400
12.700 47.700 -9.633
12.333 47.567 -9.800
11.900 47.600 -10.000
11.700 47.767 -9.767
11.367 47.767 -10.100
10.900 47.867 -9.767
10.333 48.000 -9.633
9.600 47.867 -9.900
9.400 47.833 -9.767
8.800 48.000 -9.667
8.767 48.000 -9.500
8.267 47.800 -9.967
7.900 48.000 -10.000
7.600 48.033 -9.900
7.200 48.033 -9.333
6.833 47.967 -9.633
6.633 47.967 -9.767
6.300 48.133 -9.533
6.433 47.933 -9.633
5.900 47.967 -9.767
5.533 47.900 -9.567
5.300 47.967 -9.533
5.367 47.800 -9.967
4.933 48.000 -9.767
4.600 47.900 -9.933
4.200 47.800 -10.000
3.833 47.667 -9.667
3.800 47.667 -9.300
3.100 47.667 -9.533
2.900 47.567 -9.667
2.600 47.567 -9.833
2.300 47.500 -9.800
2.133 47.500 -9.767
1.300 47.167 -9.567
0.767 47.167 -9.467
0.533 47.133 -9.200
-0.033 47.000 -9.467
0.000 46.900 -9.800
-0.833 46.600 -9.833
-1.200 46.500 -9.333
-1.933 46.367 -9.400
-2.033 46.267 -9.767
-2.533 46.000 -9.600
-2.967 45.867 -9.533
-3.433 45.600 -9.800
-3.933 45.333 -9.533
-4.067 45.400 -9.300
-4.767 45.033 -9.267
-5.233 44.733 -9.433
-5.567 44.533 -9.533
-5.867 44.267 -9.600
-7.167 43.633 -9.567
-7.567 43.400 -9.633
-8.067 43.200 -9.467
-8.333 43.000 -9.367
-9.033 42.500 -9.167
-9.333 42.300 -9.200
-9.700 42.100 -9.400
-9.800 41.700 -9.267
-9.867 41.567 -9.100
-10.833 41.033 -9.333
-11.267 40.667 -9.167
-11.533 40.433 -9.033
-11.833 40.133 -9.200
-11.867 40.000 -9.500
-12.467 39.333 -9.300
-12.867 38.900 -9.200
-13.333 38.533 -9.033
-13.500 38.267 -9.200
-13.867 38.000 -9.000
-14.233 37.433 -9.167
-14.500 37.033 -9.300
-14.967 36.600 -9.233
-15.067 36.400 -9.100
-15.767 35.667 -8.833
-16.133 35.233 -8.567
-16.267 34.900 -9.033
-16.500 34.500 -9.133
-16.733 34.100 -8.933
-17.000 33.400 -8.667
-17.567 32.900 -8.800
-17.900 32.400 -8.667
-18.067 32.000 -8.667
-17.967 31.967 -9.000
-18.367 31.067 -9.167
-18.600 30.567 -9.000
-18.900 29.800 -8.867
-19.033 29.467 -8.633
-19.033 29.167 -8.233
-19.367 28.467 -8.900
-19.467 27.967 -8.833
-19.667 27.433 -8.867
-19.667 27.100 -8.633
-20.100 26.400 -8.467
-20.167 25.767 -8.433
-20.300 24.633 -8.500
-20.333 24.433 -8.367
-20.633 23.567 -8.467
-20.533 23.333 -8.467
-20.700 22.567 -8.733
-20.800 22.267 -8.667
-20.933 21.667 -8.467
-20.933 20.967 -8.233
-21.000 20.633 -8.367
-20.833 20.100 -8.500
-21.000 19.800 -8.367
-21.033 19.233 -8.733
-21.033 18.600 -8.633
-20.967 18.167 -8.433
-21.033 17.733 -8.233
-21.000 17.867 -8.600
-20.933 16.833 -8.667
-20.967 16.433 -8.667
-20.867 15.867 -8.567
-20.867 15.400 -8.200
-20.833 15.200 -8.133
-20.767 14.367 -8.200
-20.733 14.100 -8.367
-20.533 13.733 -8.567
-20.467 13.567 -8.133
-20.400 13.033 -8.100
-20.533 12.433 -8.167
-20.333 12.200 -8.033
-20.167 12.000 -7.933
-20.267 11.633 -8.067
-20.100 11.567 -8.533
-20.033 11.200 -8.400
-19.867 10.800 -8.033
-20.033 10.467 -8.067
-19.833 10.633 -8.500
-19.767 10.333 -8.300
-19.567 10.100 -8.400
-19.700 9.900 -8.433
-19.567 9.567 -8.300
-19.533 9.367 -8.033
-19.467 8.900 -8.133
-19.467 8.867 -8.167
-19.200 8.600 -8.467
-19.100 8.233 -8.433
-18.900 7.567 -8.367
-18.700 7.133 -8.333
-18.600 6.633 -8.200
-18.533 6.533 -7.967
-18.200 5.900 -7.933
-18.100 5.633 -8.133
-17.900 5.333 -8.300
-17.700 5.033 -8.433
-17.600 4.867 -8.333
-17.167 4.133 -8.133
-17.067 3.667 -7.933
-16.867 3.400 -7.867
-16.500 3.033 -7.600
-16.567 3.100 -8.267
-16.300 2.500 -8.233
-16.033 2.133 -8.167
-15.600 1.800 -7.700
-15.767 1.733 -8.200
-15.400 1.100 -7.800
-15.133 0.967 -8.033
-14.733 0.567 -7.767
-14.600 0.233 -8.000
-14.533 0.000 -7.733
-14.067 -0.567 -7.800
-13.533 -0.800 -7.467
-13.500 -1.233 -8.067
-13.133 -1.467 -8.167
-13.000 -1.633 -8.033
-12.300 -2.267 -7.733
-11.833 -2.800 -7.700
-11.533 -3.200 -7.667
-11.233 -3.433 -7.667
-11.167 -3.433 -8.067
-10.467 -4.100 -8.033
-10.000 -4.533 -7.900
-9.467 -4.967 -7.767
-9.100 -5.100 -7.933
-8.533 -5.667 -7.533
-8.067 -5.933 -7.633
-7.667 -6.233 -7.833
-7.167 -6.433 -7.867
-6.667 -6.800 -7.300
-5.933 -7.133 -7.500
-5.433 -7.600 -7.367
-4.467 -8.033 -7.667
-3.833 -8.433 -7.400
-3.300 -8.633 -7.500
-2.833 -8.800 -7.733
-2.167 -9.133 -7.733
-1.767 -9.367 -7.433
-0.600 -9.633 -7.467
0.100 -9.833 -7.367
0.700 -9.933 -7.267
1.200 -9.933 -7.533
1.433 -10.100 -7.667
2.600 -10.433 -7.667
3.333 -10.533 -7.267
3.900 -10.767 -7.300
4.533 -10.533 -7.367
4.500 -10.500 -7.500
5.667 -10.800 -7.233
5.967 -10.800 -7.700
6.767 -10.800 -7.567
7.433 -10.833 -7.633
7.933 -10.867 -7.300
8.867 -10.967 -7.300
9.400 -10.900 -7.633
9.933 -10.733 -7.733
10.367 -10.767 -7.433
11.367 -10.733 -7.433
12.067 -10.600 -7.367
12.500 -10.533 -7.433
13.033 -10.500 -7.567
13.400 -10.367 -7.267
14.067 -10.233 -7.700
14.867 -10.067 -7.633
15.667 -9.933 -7.500
16.233 -9.867 -7.333
16.200 -9.867 -7.533
16.867 -9.500 -7.733
17.200 -9.267 -7.667
17.700 -9.133 -7.700
18.233 -9.000 -7.700
18.433 -8.933 -7.500
19.100 -8.733 -7.400
19.667 -8.500 -7.233
19.667 -8.433 -7.800
20.000 -8.233 -7.600
21.033 -7.733 -7.867
21.300 -7.633 -7.833
21.833 -7.467 -7.567
21.933 -7.433 -7.400
22.367 -7.100 -7.600
22.467 -6.967 -7.800
22.600 -6.800 -7.900
22.800 -6.800 -7.900
23.100 -6.700 -7.733
23.300 -6.567 -7.600
23.400 -6.467 -7.600
23.333 -6.533 -7.500
23.433 -6.467 -7.667
23.233 -6.433 -7.833
23.467 -6.433 -7.933
23.867 -6.200 -7.667
24.267 -6.067 -7.267
23.967 -6.100 -7.667
24.433 -5.867 -7.667
24.600 -5.667 -8.000
25.133 -5.400 -7.767
25.300 -5.133 -7.767
25.433 -5.133 -7.567
26.233 -4.667 -7.667
26.367 -4.433 -7.667
26.633 -4.133 -7.933
26.900 -3.867 -7.967
27.200 -3.833 -8.100
27.867 -3.233 -7.833
28.233 -3.000 -7.800
28.267 -2.900 -7.867
28.600 -2.500 -7.800
28.667 -2.367 -8.167
28.967 -1.933 -8.033
29.233 -1.667 -8.067
29.633 -1.400 -7.833
29.600 -1.467 -8.167
30.133 -1.000 -7.767
30.233 -0.733 -8.200
30.500 -0.367 -8.267
30.733 0.067 -8.200
31.067 0.233 -7.833
31.500 0.767 -7.933
31.867 1.167 -8.000
32.467 2.000 -8.067
33.000 2.767 -8.167
33.033 3.167 -8.300
33.467 3.700 -8.467
34.000 4.400 -8.300
34.000 4.467 -8.167
34.567 5.467 -8.167
34.700 5.967 -8.200
34.900 6.433 -8.033
35.033 6.933 -8.533
35.300 7.333 -8.467
35.633 8.200 -8.333
36.133 8.733 -7.867
36.167 9.067 -8.367
36.067 9.467 -8.267
36.067 9.700 -8.733
36.400 10.400 -8.400
36.633 10.900 -8.633
36.800 11.400 -8.333
36.700 11.467 -8.733
37.067 12.333 -8.300
36.933 12.800 -8.833
37.033 13.233 -8.800
37.233 13.833 -8.833
37.200 14.067 -8.500
37.400 14.967 -8.600
37.467 15.400 -8.567
37.367 15.867 -8.833
37.367 16.267 -9.033
37.267 16.400 -9.000
37.633 17.633 -9.033
37.500 18.033 -8.900
37.400 18.700 -8.700
37.800 18.800 -8.533
37.433 19.000 -9.100
37.467 19.833 -9.233
37.233 20.400 -9.167
37.467 21.033 -8.533
37.467 21.100 -9.233
37.367 21.900 -8.933
37.300 22.400 -9.267
37.200 22.800 -9.033
37.200 23.200 -9.433
37.167 23.767 -9.033
36.733 24.867 -9.100
36.600 25.367 -9.367
36.600 25.700 -9.400
36.600 26.167 -9.067
36.500 26.833 -8.767
36.267 27.033 -9.233
36.033 27.400 -9.467
35.933 27.933 -9.133
35.800 28.300 -9.100
35.667 28.867 -9.267
35.600 29.367 -9.167
35.367 29.733 -9.233
35.300 29.667 -9.533
35.267 30.167 -9.667
34.967 30.633 -9.533
34.800 31.000 -9.333
34.700 31.333 -9.267
34.733 31.300 -9.167
34.633 31.600 -9.500
34.367 31.700 -9.667
34.300 31.967 -9.700
34.100 32.333 -9.633
34.033 32.733 -9.367
33.933 33.133 -9.333
33.767 33.400 -9.433
33.467 33.633 -9.433
33.267 34.100 -9.433
32.967 34.333 -9.700
32.567 35.100 -9.567
32.533 35.500 -9.133
32.033 35.967 -9.467
31.800 36.033 -9.767
31.467 36.633 -9.833
31.267 37.000 -9.500
30.733 37.533 -9.767
30.367 37.967 -9.667
30.267 37.967 -9.633
29.967 38.633 -9.433
29.367 38.867 -9.833
29.233 39.133 -10.033
28.833 39.600 -9.867
28.733 39.767 -9.600
28.133 40.433 -9.667
27.900 40.633 -9.633
27.233 41.067 -9.667
26.600 41.600 -9.700
26.367 41.833 -9.833
25.967 42.000 -10.100
25.767 42.233 -9.867
25.633 42.533 -9.567
24.700 43.033 -9.833
24.267 43.367 -9.733
24.133 43.567 -9.700
23.667 43.767 -9.900
23.100 44.200 -9.933
22.800 44.333 -10.000
22.133 44.567 -9.800
21.667 44.867 -9.733
21.300 44.967 -9.967
20.833 45.200 -9.933
20.233 45.433 -10.233
19.700 45.667 -10.133
19.200 46.033 -10.067
19.133 46.033 -9.900
18.233 46.233 -9.800
17.900 46.533 -9.800
17.600 46.533 -10.100
17.200 46.667 -10.133
17.033 46.833 -9.867
16.333 47.067 -9.467
