v:
0.410638
0.405983
0.816046
0.016060
-0.019049
-0.001708
-3.513635
-7.462814
5.438026
-147.681354
0.048088
0.000000
0.000000
0.000000
0.034052
0.000000
0.000000
0.000000
0.033852
0.002255
-0.033291
-0.006933
-0.001882
0.006915
-0.033120
-0.047998
-0.001835
0.000973
8.317058
18.687568
-6.837515
9.467 48.133 -9.433 0.072 0.170 -0.986
9.433 48.000 -9.767 0.088 0.171 -0.981
8.300 48.100 -9.933 0.093 0.210 -0.977
7.833 48.100 -10.167 0.103 0.226 -0.974
7.133 47.967 -9.933 0.091 0.248 -0.965
6.167 48.167 -9.800 0.082 0.281 -0.964
5.900 48.200 -9.700 0.076 0.290 -0.963
4.500 47.967 -9.567 0.067 0.335 -0.946
3.700 47.767 -9.800 0.077 0.360 -0.934
3.700 47.667 -9.967 0.085 0.360 -0.931
2.667 47.733 -9.667 0.068 0.394 -0.926
2.367 47.500 -9.600 0.065 0.402 -0.916
1.700 47.367 -10.033 0.084 0.424 -0.907
1.200 47.167 -9.933 0.079 0.440 -0.897
0.733 47.167 -9.600 0.062 0.454 -0.893
-0.100 46.967 -9.500 0.056 0.481 -0.881
-0.867 46.800 -9.533 0.056 0.505 -0.870
-1.367 46.667 -9.500 0.053 0.521 -0.862
-1.667 46.300 -9.800 0.068 0.529 -0.848
-1.767 46.267 -9.900 0.072 0.532 -0.846
-2.700 46.100 -9.800 0.066 0.562 -0.834
-3.300 45.833 -9.533 0.052 0.579 -0.821
-3.800 45.733 -9.500 0.050 0.595 -0.814
-4.067 45.467 -9.533 0.051 0.602 -0.804
-4.067 45.400 -9.800 0.064 0.602 -0.802
-4.600 45.200 -9.833 0.065 0.619 -0.791
-4.867 45.000 -9.900 0.068 0.626 -0.783
-5.233 44.700 -9.700 0.058 0.636 -0.770
-5.100 44.633 -9.567 0.052 0.631 -0.769
-5.667 44.733 -9.367 0.041 0.650 -0.768
-5.733 44.700 -9.533 0.049 0.653 -0.767
-5.700 44.500 -9.600 0.052 0.650 -0.760
-5.633 44.533 -9.567 0.051 0.648 -0.762
-5.867 44.533 -9.467 0.046 0.656 -0.760
-6.167 44.300 -9.367 0.041 0.664 -0.750
-6.100 44.367 -9.267 0.036 0.662 -0.753
-6.000 44.433 -9.200 0.033 0.659 -0.756
-6.267 44.300 -9.700 0.056 0.668 -0.750
-6.233 44.333 -9.800 0.061 0.667 -0.751
-6.633 43.933 -9.667 0.055 0.677 -0.735
-6.800 43.933 -9.167 0.030 0.682 -0.734
-7.400 43.767 -9.367 0.039 0.701 -0.724
-7.600 43.467 -9.367 0.039 0.706 -0.713
-7.633 43.467 -9.600 0.050 0.707 -0.713
-8.000 43.233 -9.600 0.050 0.718 -0.703
-8.467 42.900 -9.600 0.049 0.731 -0.688
-8.900 42.767 -9.367 0.037 0.744 -0.681
-8.800 42.567 -9.700 0.054 0.740 -0.675
-9.300 42.367 -9.200 0.029 0.755 -0.664
-9.567 42.167 -9.467 0.042 0.763 -0.656
-9.733 41.933 -9.700 0.053 0.767 -0.648
-10.333 41.667 -9.367 0.036 0.784 -0.634
-10.533 41.300 -9.500 0.043 0.789 -0.621
-10.700 41.167 -9.533 0.044 0.793 -0.615
-11.100 40.933 -9.567 0.045 0.805 -0.605
-11.133 40.700 -9.633 0.049 0.805 -0.597
-11.533 40.500 -9.100 0.023 0.816 -0.587
-11.800 40.200 -9.267 0.031 0.823 -0.575
-12.000 40.000 -9.500 0.042 0.829 -0.568
-12.133 39.667 -9.367 0.036 0.831 -0.556
-12.333 39.600 -8.833 0.010 0.836 -0.551
-12.900 39.067 -9.267 0.030 0.852 -0.530
-13.133 38.933 -9.133 0.024 0.858 -0.524
-13.333 38.667 -9.233 0.029 0.863 -0.514
-13.400 38.467 -9.400 0.037 0.864 -0.507
-13.400 38.400 -9.533 0.043 0.864 -0.505
-13.967 38.000 -9.500 0.041 0.880 -0.488
-14.300 37.567 -9.200 0.027 0.888 -0.471
-14.633 37.100 -8.967 0.016 0.895 -0.453
-14.867 36.933 -9.033 0.019 0.902 -0.446
-14.867 36.900 -9.367 0.035 0.902 -0.445
-15.267 36.333 -9.433 0.038 0.912 -0.423
-15.533 35.867 -9.300 0.032 0.917 -0.406
-16.033 35.333 -9.067 0.021 0.930 -0.385
-16.067 35.067 -9.300 0.032 0.930 -0.376
-16.633 34.600 -8.767 0.006 0.944 -0.356
-16.733 34.067 -8.500 -0.006 0.943 -0.337
-17.067 33.633 -9.200 0.028 0.953 -0.321
-17.333 33.233 -9.133 0.025 0.959 -0.306
-17.733 32.867 -8.667 0.002 0.969 -0.291
-17.800 32.233 -8.467 -0.006 0.966 -0.269
-18.167 31.833 -8.900 0.015 0.976 -0.254
-18.300 31.500 -8.933 0.016 0.979 -0.242
-18.500 31.100 -9.133 0.026 0.983 -0.227
-18.467 31.033 -9.133 0.027 0.981 -0.225
-18.900 30.000 -8.867 0.015 0.988 -0.188
-19.167 29.400 -8.833 0.014 0.993 -0.166
-19.467 28.900 -8.600 0.003 0.999 -0.147
-19.533 28.300 -8.467 -0.003 0.997 -0.127
-19.433 28.167 -8.533 0.001 0.993 -0.123
-19.767 27.067 -8.900 0.020 0.997 -0.085
-20.033 26.533 -8.867 0.019 1.002 -0.065
-20.333 25.900 -8.633 0.008 1.007 -0.042
-20.367 25.433 -8.767 0.015 1.005 -0.026
-20.700 24.567 -8.500 0.003 1.010 0.005
-20.733 22.967 -8.700 0.016 1.000 0.058
-20.900 22.133 -8.467 0.006 0.999 0.087
-21.033 22.067 -8.233 -0.006 1.003 0.090
-21.167 20.767 -8.267 -0.002 0.999 0.134
-21.067 20.300 -8.533 0.012 0.992 0.149
-21.100 19.733 -8.800 0.026 0.990 0.167
-21.000 19.033 -8.633 0.019 0.982 0.190
-21.033 18.800 -8.433 0.010 0.981 0.198
-21.133 17.900 -8.400 0.010 0.978 0.229
-21.133 17.300 -8.267 0.005 0.973 0.249
-21.133 16.667 -8.333 0.009 0.969 0.270
-20.900 16.233 -8.300 0.009 0.958 0.282
-20.900 15.233 -8.333 0.012 0.952 0.316
-20.833 14.433 -8.200 0.008 0.944 0.342
-20.833 14.167 -8.367 0.016 0.942 0.350
-20.600 13.533 -8.533 0.026 0.930 0.370
-20.567 13.300 -8.433 0.022 0.927 0.377
-20.533 12.533 -8.400 0.022 0.921 0.402
-20.400 11.800 -8.300 0.018 0.911 0.426
-20.267 11.367 -8.100 0.010 0.903 0.439
-20.067 10.900 -8.067 0.010 0.893 0.454
-20.067 10.900 -8.367 0.024 0.894 0.453
-19.933 10.100 -8.433 0.029 0.884 0.479
-19.700 9.667 -8.467 0.032 0.873 0.491
-19.467 9.033 -8.333 0.027 0.861 0.511
-19.267 8.700 -7.967 0.011 0.851 0.521
-19.267 8.200 -7.900 0.009 0.848 0.538
-19.167 7.633 -8.267 0.027 0.841 0.555
-18.900 7.200 -8.333 0.032 0.829 0.568
-18.533 6.767 -7.967 0.016 0.814 0.580
-18.633 6.433 -8.100 0.023 0.815 0.591
-18.267 5.933 -8.100 0.025 0.799 0.606
-18.067 5.433 -8.033 0.023 0.789 0.621
-17.800 5.167 -7.833 0.014 0.778 0.628
-17.867 5.067 -8.233 0.034 0.780 0.631
-17.800 4.800 -8.233 0.034 0.776 0.640
-17.600 4.433 -8.367 0.042 0.767 0.650
-17.400 4.200 -8.067 0.028 0.758 0.657
-17.367 4.000 -7.900 0.021 0.755 0.663
-17.267 4.000 -8.133 0.032 0.753 0.663
-17.267 3.967 -8.267 0.039 0.753 0.664
-16.933 3.367 -8.267 0.041 0.737 0.681
-16.767 3.000 -8.300 0.043 0.729 0.692
-16.567 2.667 -8.000 0.030 0.720 0.702
-15.933 1.800 -7.733 0.020 0.692 0.727
-15.833 1.600 -8.033 0.035 0.688 0.732
-15.633 1.333 -8.167 0.042 0.680 0.740
-15.367 0.967 -7.967 0.034 0.668 0.750
-15.100 0.700 -8.033 0.038 0.657 0.757
-14.700 0.100 -7.833 0.031 0.640 0.774
-14.367 -0.267 -7.700 0.026 0.626 0.784
-14.233 -0.567 -8.000 0.041 0.620 0.793
-14.033 -0.733 -7.967 0.040 0.612 0.797
-13.500 -1.067 -8.167 0.052 0.592 0.804
-13.133 -1.500 -8.067 0.049 0.577 0.816
-12.900 -1.900 -7.800 0.037 0.566 0.828
-12.467 -2.233 -7.367 0.018 0.548 0.836
-12.500 -2.200 -7.667 0.032 0.550 0.835
-12.167 -2.700 -7.967 0.048 0.536 0.849
-11.933 -2.800 -8.067 0.054 0.528 0.851
-11.367 -3.300 -7.700 0.038 0.505 0.864
-11.167 -3.833 -7.867 0.048 0.495 0.880
-11.067 -3.900 -7.733 0.042 0.491 0.882
-10.533 -4.300 -7.633 0.039 0.470 0.891
-10.200 -4.333 -7.867 0.051 0.459 0.890
-10.000 -4.667 -8.000 0.058 0.450 0.899
-9.633 -4.967 -7.900 0.055 0.436 0.907
-9.167 -5.433 -7.633 0.044 0.417 0.919
-8.600 -5.700 -7.533 0.041 0.396 0.924
-8.167 -5.967 -7.467 0.039 0.379 0.930
-7.800 -6.233 -7.667 0.050 0.366 0.936
-7.433 -6.467 -7.667 0.052 0.352 0.942
-6.867 -6.600 -7.900 0.064 0.333 0.942
-6.333 -7.033 -7.900 0.066 0.312 0.952
-5.667 -7.400 -7.533 0.051 0.286 0.960
-5.167 -7.733 -7.533 0.053 0.267 0.968
-5.133 -7.700 -7.900 0.070 0.267 0.966
-4.367 -8.033 -7.833 0.069 0.239 0.972
-3.900 -8.333 -7.833 0.071 0.222 0.979
-3.333 -8.600 -7.733 0.068 0.201 0.984
-2.933 -8.833 -7.533 0.060 0.186 0.989
-2.767 -8.933 -7.500 0.059 0.179 0.991
-1.967 -9.233 -7.633 0.068 0.151 0.995
-1.533 -9.267 -7.733 0.073 0.136 0.993
-0.900 -9.533 -7.833 0.080 0.114 0.998
-0.300 -9.733 -7.500 0.066 0.092 1.000
0.433 -9.967 -7.200 0.054 0.065 1.003
2.133 -10.267 -7.667 0.080 0.007 1.001
2.933 -10.467 -7.467 0.073 -0.021 1.002
3.133 -10.533 -7.367 0.069 -0.029 1.003
4.333 -10.633 -7.267 0.067 -0.069 0.998
4.967 -10.833 -7.500 0.080 -0.091 1.000
5.667 -10.733 -7.333 0.073 -0.114 0.992
6.267 -10.800 -7.700 0.092 -0.134 0.990
6.833 -10.867 -7.633 0.090 -0.154 0.988
8.300 -10.933 -7.500 0.088 -0.203 0.981
9.300 -10.933 -6.933 0.063 -0.237 0.974
9.900 -10.900 -7.400 0.086 -0.256 0.968
10.367 -10.800 -7.367 0.086 -0.271 0.962
10.967 -10.700 -7.700 0.103 -0.290 0.954
12.133 -10.567 -7.533 0.097 -0.328 0.942
12.733 -10.567 -7.633 0.103 -0.348 0.938
13.600 -10.433 -7.267 0.087 -0.376 0.927
13.733 -10.200 -7.700 0.108 -0.378 0.918
15.067 -10.067 -7.333 0.093 -0.423 0.905
15.700 -9.833 -7.733 0.113 -0.441 0.893
16.400 -9.633 -7.767 0.116 -0.463 0.881
17.200 -9.467 -7.500 0.105 -0.489 0.870
17.333 -9.500 -7.400 0.100 -0.494 0.871
18.300 -9.100 -7.400 0.102 -0.523 0.851
18.667 -8.933 -7.567 0.110 -0.534 0.842
19.033 -8.700 -7.767 0.120 -0.544 0.832
19.533 -8.533 -7.833 0.124 -0.560 0.823
19.900 -8.400 -7.667 0.117 -0.571 0.816
20.767 -8.000 -7.533 0.112 -0.598 0.797
21.267 -7.733 -7.500 0.111 -0.613 0.785
21.567 -7.633 -7.733 0.122 -0.621 0.779
22.167 -7.400 -7.033 0.090 -0.641 0.768
22.000 -7.300 -7.867 0.129 -0.633 0.765
22.500 -7.067 -7.700 0.122 -0.649 0.754
22.900 -6.833 -7.567 0.116 -0.661 0.743
23.267 -6.700 -7.267 0.102 -0.672 0.737
23.033 -6.633 -7.967 0.135 -0.663 0.736
23.433 -6.400 -7.833 0.129 -0.675 0.725
23.533 -6.367 -7.933 0.134 -0.678 0.723
23.900 -6.167 -7.567 0.117 -0.689 0.714
23.933 -6.067 -7.767 0.126 -0.689 0.711
24.133 -6.067 -7.467 0.112 -0.697 0.710
24.333 -6.000 -7.567 0.118 -0.703 0.706
24.367 -5.867 -7.533 0.116 -0.703 0.701
24.200 -5.900 -7.833 0.130 -0.697 0.703
24.367 -5.867 -7.433 0.111 -0.703 0.701
24.500 -5.800 -7.167 0.098 -0.707 0.699
24.233 -5.900 -7.767 0.127 -0.698 0.703
24.167 -5.933 -7.833 0.130 -0.696 0.705
24.600 -5.833 -7.467 0.113 -0.710 0.699
24.833 -5.800 -7.300 0.106 -0.718 0.696
24.700 -5.767 -7.667 0.123 -0.713 0.696
24.900 -5.600 -7.567 0.118 -0.719 0.689
24.900 -5.533 -7.733 0.126 -0.718 0.686
24.833 -5.567 -7.900 0.134 -0.716 0.688
25.333 -5.167 -7.933 0.136 -0.729 0.671
25.833 -4.867 -7.833 0.132 -0.744 0.658
26.033 -4.767 -7.700 0.125 -0.750 0.653
26.367 -4.500 -7.600 0.121 -0.760 0.642
26.267 -4.500 -7.600 0.121 -0.757 0.643
26.700 -4.167 -8.067 0.143 -0.768 0.628
26.967 -3.967 -8.200 0.150 -0.775 0.620
27.233 -3.633 -8.067 0.144 -0.782 0.607
27.533 -3.400 -7.933 0.138 -0.790 0.597
27.967 -3.233 -7.667 0.125 -0.804 0.589
28.333 -2.867 -7.733 0.129 -0.814 0.574
28.500 -2.700 -7.867 0.135 -0.818 0.567
28.700 -2.400 -8.133 0.148 -0.822 0.556
29.033 -2.200 -7.767 0.131 -0.832 0.547
29.500 -1.700 -7.900 0.137 -0.844 0.527
29.767 -1.400 -7.833 0.134 -0.851 0.516
29.933 -1.100 -7.600 0.123 -0.855 0.505
30.067 -0.933 -7.933 0.139 -0.858 0.498
30.067 -0.800 -8.267 0.154 -0.856 0.493
30.567 -0.267 -8.300 0.156 -0.869 0.472
30.967 -0.033 -7.833 0.134 -0.882 0.462
31.300 0.333 -8.000 0.142 -0.890 0.447
31.567 0.533 -7.967 0.141 -0.897 0.439
31.533 0.500 -8.033 0.144 -0.896 0.440
32.267 1.267 -7.900 0.138 -0.916 0.410
32.367 1.767 -8.367 0.159 -0.915 0.392
32.733 2.367 -8.233 0.153 -0.923 0.370
32.767 2.700 -8.433 0.162 -0.922 0.358
33.333 3.133 -7.733 0.129 -0.939 0.341
33.567 3.833 -8.267 0.153 -0.941 0.316
33.833 4.333 -8.400 0.160 -0.946 0.297
34.167 4.900 -8.567 0.167 -0.953 0.276
34.367 5.367 -8.200 0.149 -0.957 0.259
34.900 6.200 -8.200 0.149 -0.969 0.228
35.333 7.333 -8.467 0.160 -0.975 0.187
35.633 8.000 -8.367 0.155 -0.980 0.163
35.833 8.300 -7.967 0.136 -0.986 0.152
35.967 9.267 -8.300 0.150 -0.983 0.119
36.233 9.700 -8.300 0.150 -0.989 0.103
36.400 10.367 -8.333 0.151 -0.990 0.079
36.400 10.433 -8.600 0.163 -0.989 0.077
36.767 11.500 -8.800 0.172 -0.993 0.039
36.867 12.033 -8.733 0.168 -0.993 0.021
36.933 12.733 -8.567 0.159 -0.991 -0.003
37.067 13.033 -8.733 0.166 -0.993 -0.014
37.167 13.633 -8.467 0.153 -0.992 -0.034
37.333 14.333 -8.600 0.158 -0.993 -0.059
37.433 14.933 -8.600 0.157 -0.992 -0.079
37.367 15.500 -8.967 0.174 -0.985 -0.098
37.567 15.967 -8.533 0.152 -0.989 -0.114
37.667 16.833 -8.733 0.161 -0.986 -0.144
37.667 17.767 -8.267 0.137 -0.981 -0.174
37.500 18.133 -8.867 0.164 -0.972 -0.186
37.467 18.700 -9.100 0.174 -0.966 -0.205
37.467 18.933 -9.067 0.172 -0.965 -0.212
37.567 19.867 -8.633 0.150 -0.962 -0.244
37.533 20.633 -8.900 0.161 -0.955 -0.269
37.433 21.167 -8.800 0.155 -0.949 -0.286
37.367 21.833 -8.900 0.159 -0.942 -0.308
37.367 21.733 -9.133 0.170 -0.942 -0.305
37.167 22.767 -9.167 0.169 -0.928 -0.337
37.000 23.367 -9.267 0.172 -0.918 -0.356
36.967 24.167 -9.133 0.164 -0.912 -0.382
36.767 24.667 -9.267 0.169 -0.901 -0.398
36.767 25.100 -9.000 0.156 -0.899 -0.412
36.733 25.833 -9.200 0.164 -0.892 -0.436
36.633 26.233 -9.433 0.174 -0.886 -0.449
36.600 26.633 -9.400 0.172 -0.882 -0.462
36.600 27.100 -9.000 0.152 -0.879 -0.477
35.967 27.900 -9.167 0.157 -0.853 -0.499
35.900 28.567 -9.133 0.154 -0.846 -0.521
35.900 28.667 -9.267 0.160 -0.845 -0.524
35.600 29.000 -9.433 0.167 -0.832 -0.533
35.633 29.333 -9.500 0.169 -0.831 -0.545
35.433 29.800 -9.567 0.171 -0.821 -0.559
35.200 30.333 -9.300 0.157 -0.810 -0.574
34.933 30.867 -9.500 0.165 -0.797 -0.590
34.867 31.033 -9.533 0.166 -0.794 -0.596
34.867 31.467 -9.367 0.157 -0.791 -0.610
34.800 31.667 -9.267 0.152 -0.787 -0.616
34.733 31.600 -9.367 0.157 -0.786 -0.613
34.633 31.733 -9.400 0.158 -0.781 -0.617
34.667 31.667 -9.600 0.168 -0.782 -0.615
34.533 31.933 -9.567 0.165 -0.776 -0.623
34.400 32.100 -9.400 0.157 -0.771 -0.628
34.333 32.300 -9.400 0.156 -0.767 -0.634
34.367 32.067 -9.567 0.165 -0.770 -0.626
34.233 32.567 -9.100 0.141 -0.763 -0.642
33.967 32.667 -9.700 0.169 -0.752 -0.644
33.533 33.200 -9.600 0.162 -0.734 -0.658
33.667 33.467 -9.500 0.157 -0.737 -0.668
33.567 33.600 -9.400 0.152 -0.733 -0.671
33.167 34.000 -9.400 0.150 -0.717 -0.682
33.100 34.300 -9.633 0.161 -0.712 -0.692
32.867 34.500 -9.733 0.165 -0.703 -0.697
32.967 34.833 -9.500 0.153 -0.704 -0.708
32.833 35.267 -9.200 0.137 -0.697 -0.721
32.100 35.667 -9.400 0.145 -0.670 -0.730
32.033 36.000 -9.467 0.147 -0.665 -0.740
31.933 36.133 -9.333 0.140 -0.661 -0.744
31.567 36.500 -9.600 0.151 -0.646 -0.754
31.333 36.667 -9.800 0.160 -0.636 -0.758
31.033 37.200 -9.667 0.152 -0.623 -0.773
30.900 37.500 -9.200 0.129 -0.617 -0.782
30.700 37.800 -9.467 0.141 -0.608 -0.791
30.500 37.733 -9.800 0.156 -0.601 -0.787
30.267 38.233 -9.867 0.158 -0.590 -0.802
29.967 38.600 -9.833 0.155 -0.578 -0.813
29.533 38.800 -9.867 0.155 -0.562 -0.816
29.333 39.333 -9.600 0.141 -0.552 -0.832
29.167 39.467 -9.567 0.139 -0.545 -0.835
28.733 39.833 -9.600 0.139 -0.528 -0.845
28.500 39.900 -9.867 0.151 -0.520 -0.845
28.367 40.100 -9.867 0.150 -0.514 -0.851
28.067 40.333 -9.900 0.151 -0.502 -0.857
27.533 40.900 -9.700 0.139 -0.481 -0.872
27.200 41.267 -9.600 0.133 -0.467 -0.881
26.800 41.533 -9.733 0.138 -0.452 -0.888
26.667 41.633 -9.933 0.147 -0.447 -0.890
26.400 42.133 -9.733 0.136 -0.435 -0.905
25.400 42.667 -9.633 0.128 -0.398 -0.915
25.133 42.700 -9.700 0.130 -0.389 -0.915
24.833 42.967 -9.967 0.142 -0.376 -0.922
24.833 43.000 -10.000 0.143 -0.376 -0.923
24.000 43.467 -10.033 0.142 -0.345 -0.933
23.500 43.933 -9.900 0.134 -0.325 -0.944
23.100 44.200 -9.700 0.123 -0.310 -0.950
22.867 44.300 -9.333 0.104 -0.303 -0.952
22.500 44.433 -10.033 0.137 -0.288 -0.954
21.867 44.833 -10.033 0.135 -0.264 -0.963
21.367 45.000 -10.067 0.135 -0.247 -0.965
21.033 45.400 -9.467 0.105 -0.234 -0.975
20.700 45.333 -10.100 0.134 -0.222 -0.972
19.933 45.767 -9.733 0.114 -0.194 -0.980
19.533 45.900 -9.833 0.118 -0.180 -0.982
19.333 46.033 -9.800 0.116 -0.172 -0.985
18.767 46.167 -10.133 0.130 -0.152 -0.986
18.567 46.467 -9.733 0.110 -0.144 -0.994
17.833 46.700 -9.733 0.108 -0.118 -0.997
17.567 46.867 -9.600 0.100 -0.108 -1.000
17.267 46.700 -10.000 0.119 -0.098 -0.993
16.933 46.867 -10.133 0.125 -0.086 -0.996
16.833 46.900 -10.167 0.126 -0.082 -0.997
15.967 47.267 -9.733 0.102 -0.052 -1.002
15.333 47.367 -9.800 0.104 -0.030 -1.001
14.933 47.367 -9.767 0.102 -0.017 -0.999
14.500 47.533 -9.700 0.097 -0.001 -1.001
14.367 47.433 -10.100 0.116 0.003 -0.997
13.433 47.600 -10.133 0.115 0.036 -0.996
12.900 47.933 -10.000 0.107 0.055 -1.003
12.400 47.833 -9.900 0.101 0.071 -0.997
12.200 47.833 -10.033 0.107 0.078 -0.995
11.500 48.100 -9.833 0.096 0.103 -0.999
10.933 48.067 -10.100 0.107 0.122 -0.994
10.367 48.033 -10.033 0.103 0.141 -0.989
9.767 48.000 -9.933 0.097 0.160 -0.984
9.533 48.100 -9.633 0.082 0.168 -0.985
8.500 48.100 -9.733 0.084 0.203 -0.978
8.067 48.167 -9.867 0.089 0.218 -0.978
7.667 48.133 -10.000 0.095 0.231 -0.974
7.200 48.067 -9.833 0.086 0.246 -0.968
6.967 48.067 -9.900 0.089 0.254 -0.967
5.767 48.133 -9.833 0.083 0.294 -0.960
5.133 48.100 -9.733 0.076 0.315 -0.955
4.233 48.033 -9.667 0.071 0.344 -0.946
3.700 47.900 -9.733 0.074 0.361 -0.938
3.200 47.800 -9.633 0.068 0.377 -0.931
2.767 47.667 -9.400 0.056 0.390 -0.924
2.533 47.500 -9.833 0.077 0.397 -0.917
2.500 47.633 -9.967 0.083 0.400 -0.921
1.733 47.333 -9.967 0.081 0.423 -0.906
1.367 47.200 -9.567 0.062 0.434 -0.899
0.633 47.200 -9.667 0.065 0.458 -0.894
0.167 47.200 -9.567 0.059 0.474 -0.890
0.233 47.200 -9.567 0.059 0.471 -0.891
0.033 47.067 -9.500 0.056 0.477 -0.885
-0.400 46.833 -9.933 0.076 0.491 -0.875
-0.767 46.667 -9.967 0.077 0.502 -0.867
-1.033 46.667 -9.933 0.075 0.510 -0.865
-1.400 46.567 -9.233 0.041 0.521 -0.858
-1.767 46.467 -9.667 0.061 0.533 -0.853
-1.967 46.367 -9.800 0.067 0.539 -0.848
-2.100 46.333 -9.967 0.075 0.544 -0.846
-2.533 46.333 -9.500 0.051 0.557 -0.843
-2.833 46.067 -9.700 0.061 0.566 -0.832
-3.000 46.167 -9.467 0.049 0.572 -0.834
-3.033 46.133 -9.567 0.054 0.573 -0.833
-2.900 46.067 -9.667 0.059 0.568 -0.832
-2.733 46.067 -9.700 0.061 0.562 -0.833
-2.900 46.000 -9.833 0.067 0.568 -0.830
-2.967 46.000 -9.600 0.056 0.570 -0.829
-3.100 46.000 -9.467 0.049 0.574 -0.828
-3.033 46.033 -9.467 0.049 0.572 -0.830
-2.867 46.033 -9.600 0.056 0.566 -0.831
-2.900 46.067 -9.767 0.064 0.568 -0.832
-2.833 46.100 -9.800 0.065 0.566 -0.833
-3.000 46.033 -9.600 0.056 0.571 -0.830
-2.900 45.833 -9.833 0.067 0.567 -0.824
-3.167 46.000 -9.433 0.047 0.576 -0.828
-3.133 45.900 -9.667 0.059 0.575 -0.825
-3.200 46.033 -9.600 0.055 0.578 -0.829
-3.300 45.833 -9.833 0.067 0.580 -0.821
-3.533 45.667 -9.533 0.052 0.586 -0.814
-3.767 45.667 -9.500 0.050 0.594 -0.812
-3.967 45.633 -9.133 0.032 0.599 -0.810
-4.067 45.367 -9.567 0.053 0.602 -0.800
-4.333 45.333 -9.767 0.062 0.611 -0.798
-4.467 45.233 -9.867 0.067 0.615 -0.794
-5.267 44.967 -9.433 0.045 0.639 -0.779
-5.533 44.700 -9.333 0.040 0.646 -0.768
-5.633 44.767 -9.467 0.046 0.650 -0.770
-5.667 44.667 -9.800 0.062 0.651 -0.766
-6.167 44.267 -9.667 0.055 0.664 -0.750
-6.500 44.167 -9.733 0.058 0.675 -0.744
-6.933 43.933 -9.400 0.041 0.687 -0.733
-6.967 43.833 -9.667 0.054 0.688 -0.730
-7.367 43.700 -9.467 0.044 0.700 -0.722
-7.700 43.533 -9.667 0.053 0.710 -0.715
-7.933 43.300 -9.700 0.054 0.716 -0.705
-8.167 43.067 -9.533 0.046 0.722 -0.696
-8.233 43.133 -9.100 0.025 0.724 -0.697
-8.900 42.767 -9.333 0.036 0.744 -0.681
-9.133 42.633 -9.300 0.034 0.751 -0.674
-9.233 42.433 -9.567 0.047 0.753 -0.667
-9.367 42.233 -9.700 0.053 0.757 -0.660
-9.667 42.133 -9.533 0.045 0.766 -0.654
-10.167 41.733 -9.433 0.040 0.779 -0.638
-10.533 41.467 -9.300 0.033 0.790 -0.626
-10.867 41.200 -9.067 0.021 0.798 -0.615
-11.000 41.067 -9.267 0.031 0.802 -0.610
-11.033 40.933 -9.567 0.045 0.803 -0.605
-11.533 40.400 -9.567 0.045 0.816 -0.584
-11.933 40.067 -9.233 0.029 0.826 -0.570
-12.433 39.700 -9.033 0.019 0.840 -0.554
-12.500 39.467 -9.233 0.029 0.841 -0.546
-12.867 39.200 -9.167 0.025 0.851 -0.535
-13.067 38.767 -9.100 0.023 0.855 -0.519
-13.533 38.333 -9.267 0.030 0.868 -0.502
-14.000 37.900 -9.200 0.027 0.880 -0.484
-14.167 37.800 -9.133 0.024 0.885 -0.479
-14.667 37.167 -8.600 -0.002 0.896 -0.454
-15.000 36.800 -8.967 0.016 0.905 -0.440
-15.100 36.333 -9.300 0.032 0.906 -0.424
-15.500 36.100 -9.200 0.027 0.918 -0.414
-15.633 35.933 -9.000 0.017 0.921 -0.407
-16.067 35.167 -8.967 0.016 0.930 -0.379
-16.433 35.033 -8.767 0.006 0.941 -0.372
-16.633 34.600 -8.767 0.006 0.944 -0.356
-16.667 34.433 -8.867 0.011 0.944 -0.350
-16.600 34.433 -8.867 0.012 0.942 -0.351
-17.233 33.633 -9.067 0.021 0.958 -0.320
-17.467 33.100 -8.967 0.017 0.962 -0.301
-17.867 32.400 -8.767 0.008 0.970 -0.275
-17.967 31.933 -9.000 0.020 0.971 -0.259
-18.333 31.400 -8.667 0.004 0.978 -0.238
-18.533 30.767 -8.433 -0.007 0.980 -0.215
-18.833 30.400 -8.633 0.003 0.988 -0.201
-18.767 30.400 -8.900 0.016 0.986 -0.202
-19.033 29.567 -8.933 0.018 0.990 -0.173
-19.233 29.100 -8.900 0.017 0.993 -0.156
-19.433 28.467 -8.767 0.012 0.995 -0.133
-19.667 27.700 -8.567 0.003 0.997 -0.106
-19.800 27.600 -8.433 -0.004 1.001 -0.102
-20.067 26.800 -8.500 0.001 1.004 -0.074
-20.167 26.467 -8.633 0.007 1.005 -0.062
-20.200 26.033 -8.933 0.022 1.004 -0.048
-20.400 25.467 -8.700 0.012 1.006 -0.027
-20.500 24.700 -8.433 0.000 1.004 -0.001
-20.733 24.133 -8.333 -0.004 1.008 0.020
-20.767 23.367 -8.467 0.004 1.004 0.045
-20.800 23.267 -8.733 0.017 1.004 0.048
-20.900 22.800 -8.367 -0.000 1.004 0.065
-20.867 21.900 -8.567 0.011 0.997 0.094
-21.100 21.300 -8.433 0.005 1.000 0.116
-21.067 20.767 -8.200 -0.005 0.995 0.134
-21.167 20.367 -8.367 0.004 0.996 0.147
-21.133 20.467 -8.733 0.021 0.996 0.143
-21.033 19.667 -8.567 0.015 0.987 0.169
-21.067 19.233 -8.600 0.017 0.985 0.184
-21.067 18.467 -8.167 -0.002 0.979 0.210
-20.933 18.067 -7.933 -0.012 0.972 0.222
-21.100 17.867 -8.067 -0.006 0.976 0.230
-21.067 17.300 -8.500 0.016 0.972 0.248
-21.133 16.867 -8.633 0.023 0.971 0.263
-20.900 16.267 -8.267 0.007 0.959 0.281
-21.067 16.033 -8.633 0.025 0.963 0.290
-21.067 15.233 -8.200 0.006 0.957 0.317
-20.833 14.633 -8.133 0.004 0.945 0.335
-20.600 14.400 -8.000 -0.001 0.935 0.341
-20.767 13.933 -8.600 0.028 0.939 0.357
-20.700 13.500 -8.133 0.007 0.933 0.372
-20.533 12.900 -8.467 0.024 0.923 0.390
-20.367 12.233 -7.900 -0.002 0.912 0.412
-20.367 11.900 -8.133 0.010 0.910 0.422
-20.300 11.533 -8.300 0.019 0.906 0.434
-20.233 11.533 -8.500 0.029 0.904 0.433
-20.033 10.333 -8.033 0.009 0.888 0.472
-19.867 10.000 -8.000 0.009 0.880 0.482
-19.767 9.767 -7.933 0.006 0.875 0.489
-19.600 9.700 -8.400 0.029 0.870 0.490
-19.567 9.233 -8.333 0.027 0.866 0.505
-19.433 8.533 -8.167 0.020 0.856 0.527
-19.367 8.233 -8.000 0.013 0.851 0.537
-19.267 8.367 -8.300 0.027 0.850 0.532
-19.167 7.867 -8.367 0.032 0.843 0.547
-19.000 7.533 -8.367 0.033 0.835 0.557
-18.867 7.233 -8.333 0.032 0.829 0.566
-18.700 6.867 -8.300 0.032 0.820 0.577
-18.700 6.733 -8.000 0.017 0.819 0.582
-18.567 6.367 -7.933 0.015 0.812 0.593
-18.400 6.267 -8.167 0.027 0.806 0.595
-18.300 6.033 -8.167 0.028 0.801 0.602
-18.200 5.967 -8.100 0.025 0.797 0.604
-18.133 5.700 -8.167 0.029 0.793 0.612
-17.933 5.167 -7.967 0.020 0.782 0.629
-17.867 5.000 -7.933 0.019 0.779 0.634
-17.667 4.733 -7.600 0.004 0.770 0.642
-17.700 4.500 -7.900 0.019 0.770 0.649
-17.533 4.400 -8.300 0.039 0.764 0.651
-17.267 3.900 -8.200 0.036 0.752 0.666
-16.867 3.600 -7.467 0.002 0.735 0.674
-17.000 3.133 -7.800 0.018 0.737 0.690
-16.900 3.200 -8.333 0.044 0.735 0.686
-16.500 2.633 -8.100 0.035 0.717 0.703
-16.100 2.367 -7.867 0.025 0.702 0.709
-16.067 1.867 -8.100 0.037 0.698 0.725
-15.733 1.467 -7.933 0.031 0.684 0.736
-15.633 1.367 -7.800 0.025 0.679 0.739
-15.100 0.767 -7.567 0.016 0.657 0.755
-15.067 0.533 -7.967 0.036 0.655 0.762
-14.733 0.300 -8.100 0.043 0.643 0.768
-14.467 -0.167 -8.233 0.051 0.631 0.781
-14.200 -0.567 -7.767 0.030 0.618 0.793
-13.700 -0.967 -7.733 0.030 0.599 0.803
-13.567 -1.200 -7.733 0.031 0.593 0.810
-13.333 -1.467 -7.900 0.040 0.583 0.817
-12.967 -1.733 -7.733 0.033 0.569 0.823
-13.000 -1.867 -8.167 0.054 0.570 0.827
-12.467 -2.300 -7.900 0.044 0.549 0.838
-12.167 -2.700 -7.767 0.039 0.536 0.849
-11.800 -2.833 -7.700 0.037 0.522 0.851
-11.400 -3.400 -7.933 0.050 0.506 0.867
-10.933 -3.767 -7.700 0.040 0.487 0.876
-10.700 -4.033 -7.600 0.036 0.477 0.884
-10.400 -4.233 -7.600 0.038 0.466 0.888
-10.367 -4.200 -8.100 0.062 0.466 0.886
-9.867 -4.600 -7.967 0.057 0.446 0.896
-9.467 -4.867 -7.833 0.052 0.431 0.902
-9.067 -5.333 -7.567 0.041 0.414 0.915
-8.933 -5.333 -7.900 0.057 0.410 0.914
-8.533 -5.800 -7.500 0.040 0.393 0.927
-8.133 -5.867 -7.733 0.052 0.380 0.926
-7.767 -6.133 -7.667 0.050 0.365 0.933
-7.367 -6.300 -7.933 0.064 0.351 0.935
-6.967 -6.467 -7.500 0.045 0.336 0.938
-6.467 -6.933 -7.533 0.048 0.316 0.950
-5.867 -7.200 -7.200 0.034 0.294 0.955
-5.833 -7.267 -7.633 0.055 0.293 0.957
-5.400 -7.467 -7.900 0.069 0.278 0.960
-5.300 -7.500 -7.833 0.066 0.274 0.961
-4.467 -8.000 -7.233 0.040 0.242 0.972
-4.233 -8.333 -7.433 0.051 0.232 0.981
-3.833 -8.367 -7.400 0.051 0.218 0.980
-3.500 -8.533 -7.467 0.055 0.206 0.983
-3.433 -8.600 -7.733 0.068 0.204 0.984
-2.833 -8.800 -7.800 0.073 0.183 0.987
-2.233 -9.133 -7.700 0.070 0.160 0.994
-1.867 -9.367 -7.600 0.066 0.146 0.999
-1.600 -9.300 -7.767 0.075 0.138 0.995
-1.067 -9.567 -7.333 0.056 0.118 1.000
-0.567 -9.667 -7.700 0.075 0.101 1.000
-0.133 -9.800 -7.767 0.079 0.086 1.001
0.400 -9.900 -7.567 0.071 0.067 1.001
0.667 -9.967 -7.033 0.046 0.057 1.002
1.333 -10.200 -7.367 0.064 0.034 1.005
1.800 -10.300 -7.300 0.062 0.017 1.005
2.000 -10.333 -7.467 0.071 0.011 1.004
2.400 -10.367 -7.700 0.083 -0.002 1.002
2.600 -10.400 -7.600 0.078 -0.009 1.002
3.500 -10.567 -7.500 0.076 -0.041 1.002
4.033 -10.700 -7.300 0.068 -0.060 1.003
4.567 -10.767 -7.300 0.069 -0.078 1.001
5.033 -10.700 -7.333 0.072 -0.093 0.996
5.267 -10.700 -7.567 0.083 -0.100 0.994
7.200 -11.000 -7.267 0.074 -0.167 0.991
7.833 -10.933 -7.267 0.075 -0.188 0.984
8.067 -10.833 -7.433 0.084 -0.195 0.979
8.900 -11.000 -7.667 0.097 -0.223 0.978
9.567 -10.767 -7.533 0.092 -0.244 0.966
10.300 -10.833 -7.500 0.092 -0.269 0.963
10.967 -10.867 -7.267 0.082 -0.292 0.960
11.033 -10.867 -7.400 0.089 -0.294 0.959
12.200 -10.633 -7.100 0.077 -0.332 0.944
12.567 -10.467 -7.467 0.095 -0.342 0.936
13.067 -10.400 -7.733 0.108 -0.358 0.930
13.933 -10.200 -7.533 0.100 -0.385 0.917
14.167 -10.267 -7.333 0.091 -0.394 0.918
15.267 -10.067 -7.333 0.094 -0.429 0.904
15.600 -9.967 -7.400 0.097 -0.440 0.898
16.100 -9.800 -7.600 0.108 -0.455 0.889
16.667 -9.633 -7.467 0.102 -0.473 0.879
17.100 -9.533 -7.367 0.098 -0.487 0.873
17.767 -9.433 -7.567 0.109 -0.508 0.865
18.267 -9.000 -7.333 0.098 -0.522 0.848
18.767 -9.000 -7.133 0.090 -0.539 0.844
18.867 -8.767 -7.467 0.106 -0.540 0.836
19.267 -8.667 -7.767 0.121 -0.552 0.829
19.567 -8.533 -7.800 0.123 -0.561 0.823
20.100 -8.300 -7.500 0.109 -0.578 0.811
20.300 -8.533 -7.467 0.108 -0.586 0.818
20.167 -8.367 -7.533 0.111 -0.580 0.813
20.400 -8.267 -7.633 0.116 -0.587 0.808
20.367 -8.200 -7.800 0.124 -0.585 0.806
20.533 -8.167 -7.900 0.129 -0.590 0.804
20.600 -8.100 -7.667 0.118 -0.593 0.801
20.667 -8.067 -7.467 0.108 -0.595 0.800
20.833 -8.033 -7.333 0.102 -0.601 0.798
20.733 -8.100 -7.333 0.102 -0.598 0.801
20.567 -8.133 -7.567 0.113 -0.592 0.803
20.567 -8.200 -7.700 0.120 -0.592 0.805
20.600 -8.200 -7.767 0.123 -0.593 0.804
20.767 -8.100 -7.333 0.102 -0.599 0.800
20.767 -8.100 -7.400 0.105 -0.599 0.800
20.867 -8.100 -7.367 0.104 -0.602 0.800
20.767 -8.033 -7.433 0.107 -0.598 0.798
20.900 -7.900 -7.633 0.117 -0.601 0.793
21.000 -7.967 -7.767 0.123 -0.605 0.794
21.233 -7.833 -7.733 0.122 -0.612 0.788
21.400 -7.667 -7.733 0.122 -0.616 0.781
21.767 -7.500 -7.833 0.127 -0.627 0.773
22.200 -7.233 -7.700 0.121 -0.640 0.761
22.600 -7.033 -7.667 0.120 -0.652 0.752
23.133 -6.767 -7.200 0.099 -0.669 0.740
23.267 -6.700 -7.300 0.104 -0.672 0.737
23.533 -6.400 -7.700 0.123 -0.678 0.725
23.833 -6.167 -7.833 0.130 -0.687 0.715
24.500 -5.967 -7.533 0.116 -0.708 0.704
24.400 -5.800 -7.800 0.129 -0.703 0.699
25.133 -5.433 -7.533 0.117 -0.725 0.682
25.767 -5.167 -7.500 0.116 -0.745 0.668
25.967 -4.833 -7.433 0.113 -0.749 0.656
26.300 -4.600 -7.867 0.134 -0.758 0.646
26.667 -4.367 -7.667 0.125 -0.769 0.636
27.067 -4.033 -7.933 0.138 -0.779 0.621
27.733 -3.567 -7.767 0.130 -0.799 0.602
27.967 -3.300 -7.733 0.129 -0.805 0.591
28.133 -3.000 -7.667 0.125 -0.808 0.580
27.967 -3.000 -8.033 0.143 -0.802 0.581
28.700 -2.267 -8.133 0.148 -0.821 0.551
29.400 -1.967 -8.167 0.150 -0.842 0.537
29.767 -1.433 -8.000 0.142 -0.851 0.517
30.100 -1.100 -7.967 0.141 -0.860 0.503
30.167 -0.933 -7.900 0.137 -0.861 0.497
30.867 -0.300 -8.000 0.142 -0.880 0.471
31.067 0.133 -8.267 0.155 -0.883 0.455
31.367 0.667 -8.367 0.159 -0.889 0.436
31.600 1.033 -8.267 0.154 -0.895 0.422
32.100 1.567 -8.067 0.145 -0.908 0.401
32.667 2.200 -8.000 0.142 -0.923 0.376
32.967 2.633 -8.100 0.146 -0.929 0.360
33.133 3.167 -8.367 0.159 -0.931 0.341
33.500 3.567 -8.000 0.141 -0.941 0.325
33.800 4.167 -8.267 0.153 -0.946 0.303
34.167 4.667 -8.167 0.148 -0.955 0.284
34.567 5.233 -8.033 0.142 -0.965 0.262
34.833 5.567 -7.800 0.131 -0.972 0.250
34.600 5.567 -8.300 0.154 -0.963 0.251
35.067 6.500 -8.500 0.163 -0.972 0.217
35.267 7.067 -8.500 0.162 -0.975 0.196
35.667 7.800 -8.200 0.148 -0.983 0.170
35.867 8.433 -8.200 0.147 -0.986 0.147
35.567 8.600 -8.833 0.176 -0.973 0.143
36.667 10.467 -8.067 0.138 -0.998 0.075
36.733 11.133 -8.333 0.150 -0.996 0.052
36.700 11.100 -8.600 0.163 -0.994 0.053
36.900 12.300 -8.733 0.167 -0.992 0.012
37.267 12.900 -8.433 0.153 -1.001 -0.011
37.167 13.567 -8.667 0.162 -0.993 -0.032
37.267 14.267 -8.600 0.158 -0.991 -0.056
37.233 14.400 -8.500 0.153 -0.989 -0.060
37.733 15.533 -8.300 0.142 -0.998 -0.101
37.600 16.033 -8.833 0.167 -0.990 -0.117
37.367 16.667 -8.900 0.168 -0.977 -0.136
37.667 17.200 -9.100 0.178 -0.983 -0.156
37.733 17.600 -8.733 0.159 -0.983 -0.170
37.700 18.667 -8.767 0.159 -0.975 -0.205
37.567 19.067 -8.733 0.156 -0.968 -0.217
37.467 19.467 -9.000 0.168 -0.961 -0.230
37.633 20.033 -8.667 0.151 -0.963 -0.250
37.400 20.600 -9.200 0.175 -0.951 -0.267
37.633 21.300 -8.833 0.157 -0.954 -0.292
37.533 22.000 -8.967 0.162 -0.946 -0.314
37.300 22.367 -8.867 0.156 -0.936 -0.325
37.433 22.433 -8.967 0.161 -0.940 -0.328
37.267 23.067 -9.300 0.175 -0.929 -0.348
37.200 23.700 -9.300 0.174 -0.922 -0.369
37.000 24.367 -9.200 0.167 -0.911 -0.389
37.100 24.933 -9.067 0.160 -0.911 -0.409
37.000 25.000 -9.067 0.160 -0.907 -0.410
36.700 25.733 -9.267 0.167 -0.892 -0.433
36.500 26.000 -9.467 0.176 -0.883 -0.440
36.600 26.467 -9.267 0.166 -0.883 -0.456
36.467 26.733 -9.500 0.176 -0.877 -0.464
36.333 27.300 -9.100 0.156 -0.869 -0.482
36.367 27.867 -9.067 0.153 -0.866 -0.501
36.133 28.033 -8.900 0.144 -0.858 -0.504
36.067 28.233 -9.433 0.169 -0.853 -0.511
35.867 28.600 -9.200 0.157 -0.844 -0.522
35.767 28.900 -9.467 0.169 -0.838 -0.531
35.833 29.400 -8.900 0.141 -0.838 -0.548
35.633 29.700 -9.133 0.151 -0.829 -0.556
35.433 29.833 -9.367 0.162 -0.821 -0.560
35.367 29.900 -9.533 0.169 -0.818 -0.562
35.300 30.333 -9.167 0.151 -0.813 -0.575
34.833 30.733 -9.533 0.167 -0.795 -0.585
35.067 31.233 -9.233 0.152 -0.799 -0.603
34.533 31.433 -9.567 0.166 -0.780 -0.607
34.367 32.000 -9.533 0.163 -0.770 -0.624
34.133 32.467 -9.533 0.162 -0.759 -0.638
34.100 32.767 -9.367 0.153 -0.756 -0.648
33.800 32.833 -9.667 0.167 -0.745 -0.648
33.833 33.467 -9.400 0.153 -0.743 -0.669
33.500 33.767 -9.567 0.159 -0.729 -0.677
33.133 34.100 -9.733 0.166 -0.714 -0.685
32.967 34.667 -9.500 0.153 -0.705 -0.703
32.900 34.867 -9.133 0.135 -0.702 -0.709
32.533 35.533 -9.433 0.147 -0.685 -0.728
32.267 35.900 -9.467 0.148 -0.673 -0.739
31.933 36.133 -9.767 0.161 -0.660 -0.744
31.667 36.433 -9.800 0.161 -0.649 -0.753
31.567 36.500 -9.800 0.161 -0.645 -0.754
30.933 37.400 -9.767 0.156 -0.618 -0.779
30.600 37.767 -9.533 0.144 -0.605 -0.789
30.367 38.167 -9.400 0.136 -0.595 -0.801
30.067 38.400 -9.567 0.143 -0.583 -0.806
30.100 38.467 -9.933 0.160 -0.583 -0.809
29.433 38.933 -9.867 0.155 -0.557 -0.820
29.100 39.467 -9.667 0.144 -0.543 -0.835
28.833 39.867 -9.567 0.137 -0.532 -0.846
28.400 39.933 -9.867 0.151 -0.516 -0.846
28.233 40.367 -9.733 0.143 -0.508 -0.859
27.833 40.600 -9.733 0.142 -0.493 -0.864
27.500 40.967 -10.067 0.156 -0.479 -0.874
27.000 41.500 -9.933 0.148 -0.459 -0.888
26.800 41.567 -9.800 0.141 -0.452 -0.889
26.333 42.267 -9.300 0.114 -0.432 -0.908
25.800 42.333 -9.667 0.131 -0.413 -0.907
25.467 42.600 -9.900 0.141 -0.400 -0.914
25.033 42.967 -10.133 0.150 -0.383 -0.923
24.867 43.067 -10.000 0.143 -0.377 -0.925
23.967 43.700 -9.800 0.130 -0.343 -0.940
23.433 44.000 -9.700 0.124 -0.323 -0.946
23.100 44.033 -9.733 0.125 -0.312 -0.945
22.933 44.367 -9.667 0.120 -0.304 -0.955
22.933 44.400 -9.700 0.122 -0.304 -0.956
22.033 44.667 -10.000 0.134 -0.271 -0.959
21.567 45.000 -10.033 0.134 -0.253 -0.966
21.167 45.267 -9.633 0.113 -0.239 -0.972
20.867 45.467 -9.967 0.128 -0.227 -0.977
20.500 45.533 -9.900 0.124 -0.214 -0.977
19.433 46.067 -9.500 0.101 -0.176 -0.986
18.900 46.233 -9.667 0.108 -0.157 -0.988
18.933 46.133 -9.800 0.114 -0.158 -0.985
18.367 46.367 -10.133 0.129 -0.137 -0.990
18.000 46.500 -10.000 0.121 -0.124 -0.991
17.600 46.533 -10.167 0.128 -0.110 -0.990
17.233 46.833 -10.000 0.119 -0.096 -0.997
17.067 46.967 -9.833 0.110 -0.090 -1.000
16.400 47.133 -9.833 0.108 -0.067 -1.001
16.133 46.967 -10.033 0.118 -0.059 -0.994
15.733 47.300 -10.133 0.121 -0.043 -1.002
15.333 47.267 -9.867 0.107 -0.030 -0.998
14.467 47.467 -9.867 0.105 -0.000 -0.999
13.933 47.633 -9.800 0.100 0.019 -1.001
13.433 47.800 -9.833 0.101 0.036 -1.003
13.000 47.800 -9.933 0.104 0.051 -1.000
12.633 47.867 -9.933 0.103 0.064 -0.999
11.767 47.933 -10.133 0.111 0.093 -0.996
11.100 48.133 -9.900 0.098 0.117 -0.998
10.333 48.167 -9.833 0.093 0.142 -0.993
9.700 48.367 -9.600 0.080 0.164 -0.995
9.767 48.300 -9.933 0.096 0.162 -0.994
8.667 48.233 -10.000 0.097 0.198 -0.984
8.067 48.233 -10.000 0.096 0.218 -0.980
7.133 48.233 -10.033 0.095 0.250 -0.973
6.700 48.333 -9.533 0.070 0.264 -0.973
6.267 48.333 -9.600 0.072 0.278 -0.970
5.333 48.100 -9.933 0.087 0.308 -0.956
4.767 47.933 -10.000 0.089 0.326 -0.947
4.467 48.033 -9.767 0.077 0.336 -0.948
3.967 47.867 -9.900 0.082 0.352 -0.939
3.067 47.867 -9.700 0.071 0.382 -0.933
2.467 47.733 -9.567 0.063 0.401 -0.924
2.133 47.733 -9.467 0.058 0.412 -0.922
1.633 47.433 -9.767 0.071 0.427 -0.909
1.100 47.300 -9.700 0.067 0.443 -0.900
0.500 47.233 -9.900 0.076 0.463 -0.894
-0.033 46.933 -9.767 0.069 0.479 -0.880
-0.733 46.767 -9.600 0.059 0.501 -0.870
-1.233 46.767 -9.533 0.055 0.517 -0.866
-1.167 46.700 -9.800 0.068 0.515 -0.865
-2.033 46.367 -9.933 0.073 0.542 -0.848
-2.467 46.100 -9.900 0.071 0.554 -0.836
-3.033 46.033 -9.700 0.060 0.572 -0.830
-3.667 45.733 -9.767 0.063 0.591 -0.816
-4.133 45.500 -9.833 0.065 0.605 -0.805
-4.533 45.233 -9.733 0.060 0.617 -0.793
-4.967 45.033 -9.600 0.053 0.629 -0.783
-4.933 44.967 -9.833 0.064 0.628 -0.781
-5.633 44.767 -9.500 0.047 0.650 -0.770
-5.733 44.667 -9.633 0.054 0.653 -0.766
-6.000 44.400 -9.667 0.055 0.660 -0.755
-6.600 44.067 -9.667 0.054 0.677 -0.740
-6.700 44.067 -9.467 0.045 0.680 -0.739
-7.167 43.933 -9.367 0.039 0.695 -0.731
-7.367 43.700 -9.300 0.036 0.700 -0.722
-7.433 43.667 -9.633 0.052 0.702 -0.721
-7.567 43.467 -9.467 0.044 0.705 -0.713
-7.733 43.400 -9.700 0.055 0.710 -0.710
-8.433 43.233 -9.400 0.039 0.732 -0.699
-8.633 42.967 -9.300 0.034 0.737 -0.689
-8.733 42.900 -9.133 0.026 0.739 -0.686
-9.067 42.767 -9.233 0.030 0.750 -0.679
-8.900 42.733 -9.700 0.053 0.745 -0.680
-9.400 42.233 -9.000 0.020 0.757 -0.659
-9.600 42.333 -9.233 0.030 0.764 -0.661
-9.400 42.267 -9.633 0.050 0.758 -0.661
-9.533 42.267 -9.567 0.046 0.762 -0.660
-9.467 42.200 -9.200 0.029 0.759 -0.658
-9.800 42.167 -9.400 0.038 0.770 -0.655
-9.933 42.100 -9.233 0.030 0.774 -0.651
-9.967 42.167 -9.200 0.028 0.775 -0.653
-9.700 42.200 -8.900 0.014 0.766 -0.656
-9.667 42.133 -9.533 0.045 0.766 -0.654
-9.600 42.133 -9.500 0.043 0.763 -0.655
-9.600 42.200 -9.567 0.046 0.764 -0.657
-9.700 42.167 -9.333 0.035 0.767 -0.655
-9.667 42.433 -9.567 0.046 0.768 -0.664
-9.567 42.100 -9.600 0.048 0.762 -0.654
-9.567 42.200 -9.500 0.043 0.763 -0.657
-9.800 42.067 -9.167 0.027 0.769 -0.651
-9.900 42.133 -9.167 0.027 0.773 -0.652
-9.900 42.067 -9.300 0.033 0.773 -0.650
-9.800 42.100 -9.467 0.041 0.770 -0.652
-9.567 42.067 -9.267 0.032 0.762 -0.653
-9.567 42.033 -9.200 0.029 0.761 -0.652
-10.200 41.600 -9.400 0.038 0.780 -0.633
-10.567 41.433 -9.133 0.025 0.790 -0.625
-10.667 41.433 -9.167 0.026 0.794 -0.624
-10.900 41.300 -9.433 0.039 0.801 -0.618
-10.967 41.133 -9.600 0.047 0.802 -0.612
-11.300 40.633 -9.467 0.041 0.810 -0.593
-11.367 40.467 -9.567 0.046 0.811 -0.588
-11.833 40.333 -9.100 0.022 0.825 -0.579
-12.067 40.033 -9.167 0.026 0.830 -0.568
-12.133 39.700 -9.033 0.020 0.830 -0.556
-12.433 39.600 -9.400 0.037 0.840 -0.551
-12.900 39.300 -9.133 0.024 0.853 -0.538
-13.067 38.933 -9.267 0.030 0.856 -0.525
-13.333 38.600 -8.800 0.008 0.862 -0.511
-13.700 38.167 -9.100 0.022 0.872 -0.495
-14.033 37.967 -9.133 0.024 0.882 -0.486
-13.933 37.867 -9.333 0.034 0.878 -0.483
-14.433 37.267 -9.033 0.019 0.890 -0.460
-14.833 36.767 -9.267 0.030 0.900 -0.441
-15.267 36.400 -9.000 0.017 0.912 -0.425
-15.600 35.967 -9.033 0.019 0.920 -0.409
-15.533 36.000 -9.133 0.024 0.918 -0.410
-15.867 35.400 -9.133 0.024 0.925 -0.388
-16.200 35.067 -9.333 0.034 0.934 -0.375
-16.500 34.600 -9.233 0.029 0.941 -0.357
-16.667 34.233 -9.200 0.028 0.944 -0.344
-17.100 33.700 -8.700 0.004 0.953 -0.323
-17.467 33.167 -8.833 0.010 0.962 -0.303
-17.567 32.767 -9.233 0.030 0.963 -0.289
-17.800 32.300 -9.133 0.026 0.968 -0.272
-17.967 31.833 -8.400 -0.009 0.969 -0.255
-18.433 31.167 -8.700 0.006 0.980 -0.230
-18.600 30.833 -8.700 0.006 0.984 -0.217
-18.867 30.300 -8.667 0.005 0.989 -0.198
-18.967 30.000 -8.767 0.010 0.990 -0.187
-18.967 29.900 -8.967 0.020 0.990 -0.184
-19.200 29.200 -9.033 0.024 0.993 -0.160
-19.467 28.600 -8.833 0.014 0.997 -0.138
-19.567 28.133 -8.467 -0.002 0.997 -0.121
-19.900 27.667 -8.633 0.006 1.005 -0.104
-19.867 27.733 -8.733 0.010 1.004 -0.106
-20.000 26.733 -8.900 0.020 1.002 -0.072
-20.100 26.067 -8.633 0.008 1.000 -0.049
-20.367 25.500 -8.733 0.013 1.006 -0.029
-20.667 24.367 -8.767 0.017 1.008 0.011
-20.667 23.567 -8.800 0.020 1.002 0.037
-20.833 22.967 -8.767 0.019 1.004 0.059
-20.867 22.100 -8.533 0.009 0.998 0.088
-20.900 22.067 -8.500 0.008 0.999 0.089
-20.967 21.000 -8.167 -0.007 0.993 0.125
-21.067 20.433 -8.567 0.013 0.993 0.144
-21.100 19.867 -8.633 0.018 0.991 0.163
-21.100 19.333 -8.733 0.023 0.987 0.181
-21.133 19.000 -8.400 0.008 0.985 0.192
-21.233 17.733 -8.233 0.002 0.980 0.235
-21.133 17.200 -8.267 0.005 0.973 0.252
-21.033 16.633 -8.367 0.011 0.966 0.270
-21.000 16.267 -8.200 0.004 0.962 0.282
-20.900 15.733 -8.233 0.007 0.955 0.299
-20.867 14.833 -8.433 0.018 0.948 0.328
-20.867 14.100 -8.200 0.008 0.942 0.353
-20.600 13.633 -7.933 -0.003 0.930 0.367
-20.633 13.300 -8.500 0.025 0.930 0.378
-20.600 12.667 -8.433 0.023 0.924 0.398
-20.300 12.100 -8.533 0.029 0.910 0.415
-20.233 11.633 -8.533 0.030 0.905 0.430
-20.100 10.800 -8.033 0.008 0.894 0.457
-20.100 10.833 -8.100 0.011 0.894 0.456
-19.800 9.833 -8.100 0.014 0.877 0.487
-19.767 9.633 -8.267 0.022 0.875 0.493
-19.533 9.033 -8.400 0.030 0.863 0.511
-19.300 8.500 -8.433 0.034 0.852 0.527
-19.233 8.200 -8.167 0.021 0.847 0.537
-19.033 7.233 -7.900 0.011 0.833 0.568
-18.867 6.967 -7.933 0.013 0.826 0.576
-18.733 6.767 -8.133 0.024 0.820 0.581
-18.600 6.467 -8.033 0.020 0.814 0.590
-18.433 6.300 -8.300 0.033 0.808 0.594
-18.200 5.700 -8.033 0.022 0.795 0.613
-18.200 5.433 -7.900 0.016 0.793 0.622
-17.967 5.133 -7.933 0.019 0.783 0.630
-17.933 5.000 -8.133 0.029 0.782 0.634
-17.767 4.900 -8.133 0.029 0.775 0.636
-17.633 4.600 -8.233 0.035 0.769 0.645
-17.533 4.267 -8.033 0.026 0.763 0.656
-17.333 4.167 -7.833 0.017 0.755 0.658
-17.433 4.233 -8.033 0.027 0.760 0.656
-17.300 3.867 -8.100 0.031 0.753 0.667
-17.033 3.400 -7.867 0.021 0.740 0.681
-16.733 3.267 -7.667 0.012 0.729 0.684
-16.833 3.133 -7.800 0.019 0.732 0.689
-16.533 2.767 -8.167 0.038 0.720 0.698
-16.400 2.433 -8.267 0.043 0.713 0.708
-16.033 1.933 -7.767 0.021 0.697 0.723
-16.033 1.900 -8.033 0.034 0.697 0.724
-15.533 1.333 -7.800 0.025 0.676 0.739
-15.433 1.133 -8.067 0.038 0.672 0.745
-15.100 0.833 -7.733 0.024 0.658 0.753
-15.033 0.600 -8.233 0.048 0.655 0.760
-14.800 0.267 -7.967 0.037 0.644 0.769
-14.367 -0.367 -7.700 0.026 0.625 0.788
-13.833 -0.633 -7.400 0.013 0.605 0.793
-13.833 -0.933 -7.767 0.032 0.603 0.803
-13.600 -1.133 -7.867 0.037 0.594 0.807
-13.633 -1.167 -8.133 0.050 0.596 0.808
-12.900 -1.733 -7.867 0.040 0.567 0.822
-12.633 -2.167 -7.767 0.037 0.555 0.835
-12.400 -2.533 -7.733 0.036 0.545 0.846
-12.067 -2.767 -7.767 0.039 0.532 0.851
-12.000 -3.000 -7.833 0.043 0.528 0.858
-11.500 -3.167 -8.100 0.057 0.511 0.860
-11.167 -3.500 -8.000 0.054 0.497 0.869
-10.867 -3.800 -7.867 0.048 0.485 0.877
-10.767 -3.933 -8.000 0.055 0.481 0.880
-10.133 -4.567 -7.567 0.037 0.455 0.897
-9.833 -4.833 -7.700 0.045 0.443 0.904
-9.633 -4.967 -7.800 0.050 0.436 0.907
-9.167 -5.200 -7.933 0.058 0.419 0.911
-8.833 -5.533 -7.500 0.039 0.405 0.920
-8.167 -5.933 -7.500 0.041 0.380 0.929
-7.700 -6.267 -7.500 0.043 0.362 0.937
-7.400 -6.467 -7.700 0.053 0.351 0.941
-6.900 -6.600 -7.633 0.051 0.333 0.942
-6.900 -6.667 -7.800 0.060 0.333 0.944
-6.167 -7.100 -7.967 0.070 0.306 0.953
-5.567 -7.367 -7.667 0.058 0.284 0.958
-4.933 -7.600 -7.133 0.034 0.260 0.962
-4.800 -7.900 -7.467 0.051 0.254 0.971
-4.700 -7.867 -7.767 0.065 0.251 0.969
-4.267 -8.100 -7.833 0.070 0.236 0.973
-3.633 -8.300 -7.467 0.054 0.212 0.976
-3.233 -8.767 -7.400 0.053 0.196 0.989
-2.533 -8.967 -7.800 0.074 0.172 0.990
-1.967 -9.133 -7.433 0.058 0.151 0.992
-1.500 -9.267 -7.700 0.072 0.135 0.993
-0.933 -9.533 -7.600 0.069 0.114 0.998
-0.867 -9.633 -7.367 0.058 0.111 1.001
0.133 -9.733 -7.033 0.044 0.076 0.998
0.333 -9.867 -7.633 0.074 0.070 1.000
0.700 -9.967 -7.733 0.080 0.057 1.001
1.100 -10.100 -7.833 0.086 0.043 1.003
1.500 -10.100 -7.433 0.067 0.029 1.000
2.133 -10.300 -7.433 0.069 0.007 1.002
2.467 -10.400 -7.333 0.065 -0.005 1.003
2.800 -10.467 -7.367 0.068 -0.017 1.003
3.067 -10.500 -7.233 0.062 -0.026 1.003
3.133 -10.500 -7.733 0.086 -0.028 1.002
3.433 -10.567 -7.600 0.081 -0.038 1.002
3.633 -10.533 -7.400 0.071 -0.045 1.000
3.767 -10.667 -7.267 0.066 -0.051 1.003
3.700 -10.433 -7.367 0.070 -0.047 0.996
3.733 -10.600 -7.467 0.075 -0.049 1.001
3.600 -10.500 -7.733 0.087 -0.043 0.999
3.667 -10.600 -7.633 0.083 -0.046 1.001
3.800 -10.567 -7.333 0.069 -0.051 1.000
3.833 -10.600 -7.300 0.067 -0.052 1.001
3.833 -10.667 -7.333 0.069 -0.053 1.003
3.633 -10.567 -7.500 0.076 -0.045 1.001
3.667 -10.500 -7.400 0.071 -0.046 0.998
3.633 -10.633 -7.667 0.084 -0.045 1.003
3.867 -10.700 -7.367 0.071 -0.054 1.004
3.833 -10.800 -7.333 0.069 -0.054 1.007
3.967 -10.667 -6.833 0.045 -0.058 1.002
3.800 -10.667 -7.333 0.069 -0.052 1.003
3.867 -10.700 -7.300 0.067 -0.054 1.004
3.633 -10.600 -7.633 0.083 -0.045 1.002
3.833 -10.667 -7.233 0.064 -0.053 1.003
3.833 -10.600 -7.467 0.075 -0.052 1.000
3.867 -10.767 -7.333 0.069 -0.055 1.006
3.700 -10.700 -7.600 0.082 -0.048 1.005
3.733 -10.633 -7.300 0.067 -0.049 1.002
3.667 -10.533 -7.667 0.084 -0.046 0.999
3.733 -10.633 -7.700 0.086 -0.049 1.002
3.767 -10.667 -7.333 0.069 -0.051 1.003
3.767 -10.700 -7.167 0.061 -0.051 1.005
3.767 -10.767 -7.233 0.064 -0.051 1.007
3.733 -10.700 -7.400 0.072 -0.050 1.005
3.667 -10.600 -7.667 0.084 -0.046 1.001
3.900 -10.667 -7.133 0.059 -0.055 1.003
3.833 -10.633 -7.333 0.069 -0.053 1.002
3.733 -10.600 -7.400 0.072 -0.049 1.001
3.700 -10.567 -7.667 0.084 -0.047 1.000
3.933 -10.633 -6.967 0.052 -0.057 1.001
3.800 -10.700 -7.167 0.061 -0.052 1.004
3.867 -10.733 -7.200 0.063 -0.055 1.005
3.800 -10.733 -7.200 0.063 -0.052 1.005
3.700 -10.667 -7.400 0.072 -0.048 1.004
3.667 -10.667 -7.667 0.085 -0.047 1.004
3.733 -10.600 -7.533 0.078 -0.049 1.001
3.833 -10.600 -7.600 0.082 -0.052 1.000
3.833 -10.667 -7.267 0.066 -0.053 1.003
3.967 -10.733 -7.333 0.069 -0.058 1.004
3.867 -10.700 -7.467 0.075 -0.054 1.004
3.667 -10.567 -7.500 0.076 -0.046 1.001
3.767 -10.567 -7.467 0.075 -0.050 1.000
3.700 -10.567 -7.633 0.083 -0.047 1.000
3.767 -10.633 -7.700 0.086 -0.050 1.002
3.900 -10.633 -7.267 0.066 -0.055 1.001
4.033 -10.600 -7.133 0.060 -0.059 0.999
3.800 -10.533 -7.700 0.086 -0.050 0.998
3.733 -10.500 -7.767 0.089 -0.048 0.998
3.900 -10.700 -7.400 0.072 -0.055 1.003
4.100 -10.733 -7.133 0.060 -0.063 1.003
4.033 -10.600 -7.500 0.077 -0.059 0.999
4.000 -10.600 -7.467 0.076 -0.058 0.999
3.967 -10.467 -7.533 0.078 -0.055 0.995
3.833 -10.467 -7.800 0.091 -0.051 0.996
3.900 -10.600 -7.833 0.093 -0.054 1.000
4.000 -10.633 -7.800 0.092 -0.057 1.000
4.200 -10.800 -7.467 0.076 -0.066 1.005
4.200 -10.667 -7.333 0.070 -0.065 1.000
4.133 -10.667 -7.300 0.068 -0.063 1.001
3.967 -10.633 -7.767 0.090 -0.056 1.000
4.033 -10.667 -7.867 0.095 -0.058 1.001
4.033 -10.567 -7.800 0.092 -0.058 0.998
4.033 -10.667 -7.667 0.085 -0.059 1.001
4.167 -10.700 -7.267 0.067 -0.064 1.002
4.267 -10.633 -7.367 0.071 -0.067 0.999
4.200 -10.800 -7.433 0.075 -0.066 1.005
4.167 -10.700 -7.567 0.081 -0.064 1.001
4.267 -10.833 -7.333 0.070 -0.068 1.005
4.267 -10.767 -7.300 0.069 -0.068 1.003
4.300 -10.900 -7.333 0.070 -0.070 1.007
4.300 -10.900 -7.300 0.069 -0.070 1.007
4.333 -11.000 -6.967 0.053 -0.072 1.011
4.367 -11.000 -7.000 0.055 -0.073 1.010
4.333 -11.000 -7.067 0.058 -0.072 1.011
4.167 -11.033 -7.067 0.058 -0.067 1.013
4.367 -11.200 -6.833 0.047 -0.075 1.017
4.267 -11.133 -7.033 0.056 -0.071 1.016
4.467 -11.167 -6.800 0.046 -0.078 1.016
4.433 -10.967 -6.800 0.045 -0.076 1.009
4.433 -10.967 -6.967 0.053 -0.076 1.009
4.500 -10.867 -7.333 0.071 -0.076 1.005
4.433 -10.733 -7.700 0.088 -0.073 1.001
4.600 -10.567 -7.567 0.082 -0.077 0.994
4.733 -10.533 -7.667 0.087 -0.081 0.992
4.900 -10.400 -7.933 0.100 -0.085 0.986
4.733 -10.300 -8.200 0.112 -0.079 0.984
4.833 -10.100 -8.767 0.139 -0.080 0.976
4.933 -9.833 -9.100 0.155 -0.080 0.966
5.067 -9.900 -9.000 0.150 -0.086 0.967
5.333 -9.933 -8.367 0.121 -0.096 0.967
5.300 -9.967 -8.300 0.117 -0.095 0.969
5.133 -10.100 -8.567 0.130 -0.090 0.974
5.000 -10.033 -8.633 0.133 -0.085 0.972
5.133 -9.867 -8.567 0.130 -0.088 0.966
5.067 -9.967 -8.733 0.138 -0.086 0.970
5.267 -10.100 -8.533 0.129 -0.094 0.973
5.000 -10.233 -8.333 0.119 -0.087 0.979
5.000 -10.267 -8.067 0.106 -0.088 0.981
4.833 -10.333 -8.233 0.114 -0.082 0.984
5.067 -10.533 -8.067 0.107 -0.092 0.989
5.067 -10.600 -8.000 0.104 -0.092 0.991
5.167 -10.833 -7.700 0.090 -0.098 0.999
5.100 -10.933 -7.200 0.066 -0.097 1.003
5.033 -11.133 -7.000 0.057 -0.097 1.010
4.800 -11.133 -7.133 0.062 -0.089 1.012
4.867 -11.300 -6.900 0.052 -0.092 1.017
4.933 -11.233 -7.000 0.056 -0.094 1.014
5.067 -11.333 -6.767 0.046 -0.100 1.017
5.133 -11.367 -6.633 0.040 -0.102 1.018
5.167 -11.433 -6.567 0.037 -0.104 1.020
5.133 -11.433 -6.533 0.035 -0.103 1.020
5.100 -11.467 -6.667 0.041 -0.102 1.021
4.933 -11.333 -6.767 0.045 -0.095 1.018
5.100 -11.433 -6.300 0.024 -0.102 1.020
5.133 -11.433 -6.500 0.033 -0.103 1.020
5.000 -11.467 -6.633 0.039 -0.098 1.022
4.967 -11.433 -6.567 0.036 -0.097 1.021
5.200 -11.533 -6.167 0.018 -0.106 1.023
5.067 -11.400 -6.433 0.030 -0.101 1.019
5.233 -11.533 -6.267 0.023 -0.107 1.023
5.100 -11.533 -6.567 0.037 -0.102 1.023
5.133 -11.433 -6.633 0.040 -0.103 1.020
5.100 -11.433 -6.767 0.046 -0.101 1.020
5.233 -11.300 -6.967 0.056 -0.104 1.014
5.300 -11.200 -6.800 0.048 -0.106 1.011
5.467 -11.267 -6.500 0.034 -0.113 1.012
5.400 -11.267 -6.900 0.053 -0.110 1.012
5.333 -11.200 -7.100 0.062 -0.107 1.010
5.167 -11.000 -7.500 0.081 -0.099 1.004
5.400 -10.933 -7.167 0.065 -0.107 1.001
5.333 -10.933 -7.433 0.078 -0.104 1.001
5.267 -10.733 -7.733 0.091 -0.100 0.995
5.633 -10.733 -7.667 0.089 -0.113 0.992
5.433 -10.600 -7.733 0.092 -0.105 0.989
5.133 -10.400 -8.300 0.118 -0.092 0.984
5.133 -10.367 -8.467 0.126 -0.092 0.983
5.333 -10.367 -8.067 0.107 -0.099 0.982
5.067 -10.367 -8.267 0.116 -0.090 0.983
4.900 -10.300 -8.267 0.115 -0.084 0.982
4.700 -10.267 -8.500 0.126 -0.077 0.982
4.567 -10.067 -8.867 0.143 -0.070 0.976
4.500 -10.000 -9.000 0.149 -0.067 0.974
4.267 -9.867 -9.033 0.150 -0.059 0.972
4.233 -9.900 -8.900 0.144 -0.058 0.973
4.267 -9.833 -8.867 0.142 -0.059 0.971
4.233 -9.833 -8.933 0.145 -0.057 0.971
4.067 -9.667 -9.267 0.160 -0.050 0.966
4.200 -9.700 -9.367 0.166 -0.055 0.966
4.300 -9.567 -9.400 0.167 -0.057 0.961
4.333 -9.600 -9.333 0.164 -0.058 0.962
4.267 -9.533 -9.233 0.159 -0.056 0.960
4.067 -9.600 -9.167 0.155 -0.050 0.964
4.033 -9.567 -9.267 0.160 -0.048 0.963
4.033 -9.600 -9.400 0.167 -0.048 0.964
4.067 -9.633 -9.133 0.154 -0.050 0.965
3.900 -10.000 -8.900 0.143 -0.048 0.979
3.867 -10.100 -8.500 0.124 -0.048 0.983
3.900 -10.333 -7.733 0.088 -0.052 0.991
3.533 -10.400 -8.100 0.105 -0.040 0.995
3.433 -10.400 -8.300 0.114 -0.036 0.996
3.367 -10.567 -7.467 0.074 -0.036 1.003
