0.076615 -0.285646 -0.495997
0.075812 -0.288266 -0.491447
0.076134 -0.286022 -0.495839
0.075342 -0.286487 -0.493514
0.076450 -0.285410 -0.495192
0.076133 -0.285487 -0.496391
0.075916 -0.286439 -0.494016
0.075074 -0.288090 -0.490136
0.076705 -0.288154 -0.490747
0.076347 -0.287788 -0.492054
0.075559 -0.286608 -0.494771
0.076024 -0.285696 -0.495480
0.076615 -0.286185 -0.495432
0.076919 -0.286654 -0.493677
0.076814 -0.287945 -0.491659
0.075344 -0.287573 -0.492394
0.076670 -0.286617 -0.495329
0.077028 -0.286983 -0.494023
0.077225 -0.288209 -0.490801
0.075870 -0.289785 -0.490224
0.075617 -0.288127 -0.493549
0.074984 -0.286121 -0.494820
0.076670 -0.286079 -0.495895
0.077084 -0.287429 -0.493917
0.076231 -0.284754 -0.494486
0.075016 -0.287110 -0.490793
0.074934 -0.287845 -0.492700
0.075147 -0.285809 -0.496181
0.076134 -0.286022 -0.495839
0.074879 -0.287951 -0.492237
0.077031 -0.287531 -0.493468
0.076297 -0.289512 -0.489933
0.076457 -0.288652 -0.491848
0.075153 -0.288517 -0.493389
0.075506 -0.286711 -0.494323
0.076615 -0.286185 -0.495432
0.076974 -0.287086 -0.493574
0.076457 -0.288652 -0.491848
0.075703 -0.288475 -0.490536
0.075509 -0.288332 -0.492651
0.075913 -0.285353 -0.495137
0.075093 -0.285912 -0.495732
0.076241 -0.285817 -0.496737
0.075612 -0.285432 -0.496337
0.075867 -0.288698 -0.491344
0.074824 -0.287518 -0.492340
0.075147 -0.285809 -0.496181
0.075718 -0.284675 -0.497804
0.076924 -0.288810 -0.491453
0.076810 -0.286862 -0.492765
0.075237 -0.288852 -0.490379
0.076925 -0.289361 -0.490885
0.075508 -0.287797 -0.493203
0.075668 -0.286399 -0.495683
0.076134 -0.286022 -0.495839
0.077437 -0.285622 -0.494850
0.077763 -0.288801 -0.490305
0.077169 -0.287764 -0.490907
0.075288 -0.286590 -0.493065
0.075977 -0.289041 -0.491687
0.074875 -0.286329 -0.493909
0.076450 -0.285410 -0.495192
0.075667 -0.285864 -0.496235
0.075808 -0.286645 -0.493119
0.077223 -0.287661 -0.491356
0.076865 -0.287294 -0.492662
0.074767 -0.287073 -0.492446
0.075093 -0.286450 -0.495167
0.076022 -0.285144 -0.496048
0.076564 -0.287374 -0.493863
0.074712 -0.286641 -0.492549
0.075240 -0.289400 -0.489824
0.074879 -0.287951 -0.492237
0.075913 -0.284280 -0.496253
0.076184 -0.284298 -0.497960
0.076559 -0.285201 -0.496103
0.077277 -0.287020 -0.492370
0.076923 -0.288275 -0.492005
0.074549 -0.286952 -0.491188
0.075237 -0.287779 -0.491496
0.076723 -0.285441 -0.496895
0.076559 -0.285201 -0.496103
0.076507 -0.286390 -0.494534
0.076348 -0.288861 -0.490937
0.077246 -0.286566 -0.495846
0.076348 -0.288861 -0.490937
0.074394 -0.286167 -0.494316
0.074983 -0.285586 -0.495372
0.075504 -0.286176 -0.494874
0.076403 -0.288755 -0.491400
0.075867 -0.288698 -0.491344
0.074879 -0.287413 -0.492803
0.075093 -0.286450 -0.495167
0.075776 -0.285656 -0.497146
0.077083 -0.286877 -0.494485
0.076981 -0.289255 -0.491347
0.075758 -0.288907 -0.490433
0.074717 -0.288797 -0.490325
0.077389 -0.288433 -0.491610
0.074557 -0.285856 -0.495677
0.075502 -0.285089 -0.495994
0.076619 -0.287806 -0.493761
0.074854 -0.287956 -0.488881
0.076564 -0.287374 -0.493863
0.076651 -0.288257 -0.490298
0.075295 -0.289832 -0.489722
0.077979 -0.288386 -0.492114
0.075558 -0.286073 -0.495323
0.076503 -0.285307 -0.495641
0.076137 -0.287108 -0.494719
0.076868 -0.287843 -0.492108
0.075039 -0.286553 -0.494718
0.075808 -0.287183 -0.492553
0.075042 -0.287101 -0.494163
0.076724 -0.285976 -0.496344
0.076615 -0.286185 -0.495432
0.077497 -0.288227 -0.492508
0.075703 -0.288475 -0.490536
0.075812 -0.288266 -0.491447
0.075454 -0.287900 -0.492754
0.076291 -0.287342 -0.492160
0.076666 -0.284996 -0.497001
0.077497 -0.287689 -0.493073
0.076293 -0.287890 -0.491605
0.077280 -0.288641 -0.490698
0.078659 -0.286509 -0.495200
0.076083 -0.287211 -0.494270
0.075503 -0.285641 -0.495426
0.076134 -0.286560 -0.495274
0.077441 -0.287244 -0.493179
0.076570 -0.290065 -0.491088
0.077389 -0.288971 -0.491045
0.075176 -0.285712 -0.493274
0.073869 -0.285029 -0.495369
0.077544 -0.285417 -0.495748
0.076814 -0.288483 -0.491094
0.076652 -0.289330 -0.489182
0.076705 -0.288154 -0.490747
0.076564 -0.287374 -0.493863
0.076597 -0.288898 -0.489284
0.077302 -0.287011 -0.495740
0.078551 -0.287252 -0.493737
0.076238 -0.287996 -0.491143
0.076297 -0.289512 -0.489933
0.075721 -0.285762 -0.496683
0.074559 -0.286942 -0.494557
0.076189 -0.286454 -0.495737
0.075645 -0.287494 -0.491193
0.077191 -0.286134 -0.495948
0.076728 -0.287597 -0.494672
0.077548 -0.287038 -0.494077
0.076186 -0.288634 -0.490142
0.075449 -0.285743 -0.494977
0.077171 -0.288850 -0.489787
0.074984 -0.286121 -0.494820
0.076297 -0.285711 -0.497200
0.076562 -0.286822 -0.494432
0.076402 -0.288220 -0.491951
0.077389 -0.288971 -0.491045
0.076290 -0.286269 -0.493277
0.076027 -0.287317 -0.493808
0.075971 -0.286872 -0.493914
0.077191 -0.286134 -0.495948
0.078442 -0.287461 -0.492825
0.078283 -0.288856 -0.490358
0.075591 -0.287597 -0.490744
0.077493 -0.286606 -0.494179
0.077136 -0.285701 -0.496051
0.076555 -0.283580 -0.497775
0.077863 -0.285352 -0.494546
0.078499 -0.287906 -0.492719
0.076869 -0.288378 -0.491556
0.076923 -0.288275 -0.492005
0.076673 -0.287165 -0.494775
0.077708 -0.284567 -0.497674
0.078403 -0.282691 -0.500761
0.079657 -0.284567 -0.497083
0.077807 -0.284369 -0.495217
0.077600 -0.285311 -0.496211
0.076312 -0.281911 -0.504468
0.078478 -0.287442 -0.499563
0.079455 -0.285574 -0.507726
0.078417 -0.287086 -0.505946
0.077368 -0.290755 -0.501929
0.077538 -0.293148 -0.500511
0.077747 -0.289491 -0.505664
0.077395 -0.291281 -0.504747
0.078602 -0.292701 -0.504543
0.080071 -0.293076 -0.503794
0.079691 -0.293802 -0.500625
0.079117 -0.294388 -0.499557
0.080689 -0.292398 -0.501943
0.078943 -0.289835 -0.503211
0.078040 -0.285096 -0.508923
0.080106 -0.288668 -0.505335
0.077468 -0.286769 -0.506735
0.080540 -0.285592 -0.504914
0.079812 -0.290280 -0.498587
0.080117 -0.291822 -0.495715
0.077502 -0.292094 -0.494890
0.076796 -0.290179 -0.495700
0.076930 -0.289427 -0.500533
0.076713 -0.289841 -0.498724
0.078291 -0.291081 -0.497770
0.078540 -0.291655 -0.495552
0.075705 -0.291793 -0.493472
0.075974 -0.290203 -0.496848
0.077386 -0.289595 -0.496770
0.078231 -0.288492 -0.500096
0.078648 -0.290912 -0.497015
0.077332 -0.290235 -0.495756
0.077282 -0.290886 -0.494752
0.076850 -0.289538 -0.496715
0.076604 -0.290049 -0.497813
0.077339 -0.288604 -0.500796
0.077230 -0.288813 -0.499884
0.078233 -0.289027 -0.499544
0.078020 -0.291062 -0.496063
0.077856 -0.290839 -0.495255
0.076963 -0.290951 -0.495954
0.076081 -0.288908 -0.498879
0.077279 -0.290338 -0.495307
0.077943 -0.292260 -0.491125
0.076388 -0.291537 -0.494887
0.075537 -0.289948 -0.494335
0.075331 -0.290352 -0.495894
0.076546 -0.289069 -0.498470
0.079178 -0.288261 -0.499862
0.076438 -0.288739 -0.498124
0.077336 -0.291319 -0.494649
0.076332 -0.290569 -0.495541
0.075863 -0.289325 -0.497056
0.076027 -0.289549 -0.497865
0.078699 -0.289185 -0.499149
0.077957 -0.287926 -0.498944
0.077339 -0.288604 -0.500796
0.076597 -0.287880 -0.500039
0.077549 -0.289283 -0.498130
0.077332 -0.290235 -0.495756
0.076800 -0.291800 -0.494029
0.075493 -0.290579 -0.496689
0.074915 -0.289005 -0.497858
0.077285 -0.288707 -0.500347
0.076956 -0.287708 -0.499298
0.076166 -0.289259 -0.495852
0.077390 -0.291216 -0.495098
0.077332 -0.290235 -0.495756
0.076136 -0.289340 -0.498776
0.077802 -0.290941 -0.494806
0.076546 -0.289069 -0.498470
0.077909 -0.290736 -0.495704
0.076333 -0.291104 -0.494989
0.075755 -0.290069 -0.495593
0.075378 -0.287542 -0.499135
0.077821 -0.289301 -0.499837
0.077711 -0.288437 -0.500042
0.077551 -0.289818 -0.497579
0.079018 -0.289120 -0.497947
0.076742 -0.290282 -0.495252
0.076605 -0.290584 -0.497261
0.077548 -0.288748 -0.498682
0.076026 -0.289014 -0.498416
0.077126 -0.290639 -0.497315
0.078856 -0.290505 -0.495470
0.076745 -0.291368 -0.494132
0.076853 -0.290624 -0.495595
0.075436 -0.289060 -0.497912
0.076958 -0.288794 -0.498178
0.077178 -0.290002 -0.498315
0.077909 -0.290736 -0.495704
0.077339 -0.292405 -0.493529
0.076335 -0.291639 -0.494438
0.075600 -0.289284 -0.498721
0.076544 -0.287983 -0.499590
0.080165 -0.288473 -0.499521
0.078965 -0.290296 -0.496381
0.076351 -0.288391 -0.501137
0.077962 -0.290082 -0.496721
0.077904 -0.288563 -0.497944
0.078543 -0.292204 -0.494997
0.076966 -0.292037 -0.494834
0.077275 -0.288717 -0.496979
0.077173 -0.287829 -0.500555
0.077546 -0.287662 -0.499802
0.077654 -0.287992 -0.500148
0.077908 -0.290185 -0.496272
0.077747 -0.291047 -0.494343
0.076442 -0.290896 -0.495901
0.077770 -0.290491 -0.498268
0.078639 -0.290919 -0.493660
0.079072 -0.289018 -0.498396
0.077802 -0.290941 -0.494806
0.076799 -0.290727 -0.495146
0.077277 -0.289803 -0.495859
0.077067 -0.288586 -0.499089
0.076764 -0.288652 -0.500293
0.077011 -0.288140 -0.499195
0.077071 -0.290207 -0.497418
0.078963 -0.289226 -0.497484
0.076741 -0.289747 -0.495803
0.077604 -0.289716 -0.498028
0.075597 -0.288214 -0.499824
0.078287 -0.288386 -0.500559
0.076959 -0.289329 -0.497626
0.078024 -0.292684 -0.494392
0.078968 -0.291382 -0.495261
0.076962 -0.290416 -0.496506
0.076080 -0.288373 -0.499431
0.077658 -0.289075 -0.499042
0.077712 -0.288972 -0.499491
0.077017 -0.290848 -0.496403
0.077856 -0.290839 -0.495255
0.077911 -0.291271 -0.495152
0.076546 -0.289069 -0.498470
0.077121 -0.288483 -0.499538
0.078124 -0.288697 -0.499198
0.078428 -0.289705 -0.496877
0.077121 -0.288483 -0.499538
0.076690 -0.290936 -0.494234
0.076494 -0.289707 -0.497470
0.076764 -0.288652 -0.500293
0.077394 -0.289036 -0.500693
0.077748 -0.291582 -0.493792
0.075708 -0.288540 -0.500184
0.078124 -0.288697 -0.499198
0.075763 -0.288972 -0.500081
0.076332 -0.290569 -0.495541
0.076442 -0.290896 -0.495901
0.078127 -0.290857 -0.496961
0.077009 -0.287605 -0.499747
0.077747 -0.291047 -0.494343
0.077386 -0.289595 -0.496770
0.077857 -0.291374 -0.494703
0.076854 -0.291159 -0.495043
0.077067 -0.289124 -0.498524
0.076707 -0.287671 -0.500951
0.077063 -0.287503 -0.500196
0.078429 -0.290240 -0.496326
0.077799 -0.290393 -0.495361
0.077908 -0.290185 -0.496272
0.076959 -0.289868 -0.497061
0.076821 -0.289635 -0.499622
0.077546 -0.287662 -0.499802
0.078644 -0.288752 -0.499252
0.076190 -0.289238 -0.499225
0.077226 -0.290992 -0.494290
0.075701 -0.290172 -0.495144
0.077275 -0.288717 -0.496979
0.077121 -0.288483 -0.499538
0.079022 -0.290742 -0.496275
0.078181 -0.290216 -0.497976
0.078486 -0.291758 -0.495103
0.077281 -0.291425 -0.494187
0.076278 -0.290672 -0.495092
0.075972 -0.289117 -0.497968
0.078340 -0.288283 -0.501008
0.077067 -0.288586 -0.499089
0.078801 -0.290072 -0.495572
0.077122 -0.289556 -0.498421
0.077388 -0.290130 -0.496218
0.076081 -0.288908 -0.498879
0.076298 -0.288494 -0.500688
0.077766 -0.288869 -0.499940
0.076854 -0.291159 -0.495043
0.076855 -0.291694 -0.494491
0.075758 -0.290617 -0.495038
0.075918 -0.289758 -0.496953
0.076966 -0.292037 -0.494834
0.075219 -0.289474 -0.496103
0.078124 -0.289235 -0.498633
0.077547 -0.288197 -0.499250
0.077912 -0.291806 -0.494600
0.078072 -0.290425 -0.497064
0.076746 -0.291903 -0.493580
0.076391 -0.292085 -0.494332
0.076140 -0.290962 -0.497105
0.076355 -0.289474 -0.500031
0.077766 -0.288869 -0.499940
0.078070 -0.289338 -0.498184
0.077803 -0.292014 -0.493689
0.076800 -0.291262 -0.494594
0.076959 -0.289329 -0.497626
0.075969 -0.288030 -0.499088
0.076600 -0.288428 -0.499484
0.078482 -0.290137 -0.496775
0.075436 -0.289060 -0.497912
0.076742 -0.290282 -0.495252
0.077017 -0.290848 -0.496403
0.075917 -0.288684 -0.498070
0.076135 -0.288805 -0.499328
0.078077 -0.292581 -0.494841
0.077335 -0.290784 -0.495201
0.076690 -0.290936 -0.494234
0.076632 -0.289417 -0.495457
0.076026 -0.289014 -0.498416
0.076597 -0.287880 -0.500039
0.077657 -0.288540 -0.499593
0.077495 -0.289924 -0.497116
0.078373 -0.290345 -0.495863
0.076848 -0.288452 -0.497835
0.075864 -0.289860 -0.496504
0.076764 -0.289190 -0.499728
0.077177 -0.289450 -0.498884
0.078070 -0.289338 -0.498184
0.076441 -0.290361 -0.496452
0.076912 -0.292140 -0.494385
0.076385 -0.289915 -0.496558
0.076081 -0.289446 -0.498314
0.076186 -0.287616 -0.500897
0.077118 -0.287935 -0.500093
0.077499 -0.291007 -0.496010
0.076547 -0.288531 -0.499035
0.077227 -0.291527 -0.493738
0.077802 -0.291479 -0.494241
0.077747 -0.291047 -0.494343
0.075973 -0.289652 -0.497416
0.076709 -0.288758 -0.499831
0.076709 -0.288758 -0.499831
0.078536 -0.290034 -0.497224
0.078156 -0.290224 -0.494606
0.076169 -0.290881 -0.494181
0.076800 -0.291800 -0.494029
0.077176 -0.288915 -0.499435
0.077436 -0.287871 -0.498891
0.077440 -0.289492 -0.497219
0.076171 -0.291416 -0.493629
0.076602 -0.288963 -0.498933
0.076800 -0.291262 -0.494594
0.077177 -0.289450 -0.498884
0.077654 -0.287992 -0.500148
0.076597 -0.287880 -0.500039
0.076222 -0.290227 -0.495198
0.078746 -0.289640 -0.495675
0.077170 -0.290009 -0.494961
0.076959 -0.289868 -0.497061
0.076600 -0.288428 -0.499484
0.076600 -0.288428 -0.499484
0.077494 -0.288851 -0.498233
0.077799 -0.290393 -0.495361
0.077857 -0.291374 -0.494703
0.077856 -0.290839 -0.495255
0.076439 -0.289274 -0.497572
0.076189 -0.288703 -0.499777
0.076080 -0.288373 -0.499431
0.078965 -0.290296 -0.496381
0.077332 -0.289162 -0.496873
0.077911 -0.291271 -0.495152
0.075653 -0.289181 -0.499170
0.077601 -0.288094 -0.499699
0.078752 -0.288547 -0.500150
0.078481 -0.289602 -0.497326
0.077336 -0.291857 -0.494084
0.076388 -0.290463 -0.496003
0.075863 -0.288787 -0.497621
0.075111 -0.290218 -0.494640
0.075809 -0.289428 -0.496607
0.076026 -0.289014 -0.498416
0.076022 -0.287393 -0.500088
0.076544 -0.287983 -0.499590
0.078482 -0.290137 -0.496775
0.077389 -0.290681 -0.495650
0.077227 -0.291527 -0.493738
0.076224 -0.291313 -0.494078
0.077011 -0.288140 -0.499195
0.076544 -0.287983 -0.499590
0.078453 -0.289696 -0.500247
0.077907 -0.289650 -0.496824
0.076600 -0.288428 -0.499484
0.078128 -0.290319 -0.497527
0.075299 -0.290436 -0.498805
0.076597 -0.287880 -0.500039
0.078071 -0.289873 -0.497632
0.076855 -0.291694 -0.494491
0.076279 -0.291745 -0.493975
0.077856 -0.290839 -0.495255
0.076383 -0.289380 -0.497110
0.077601 -0.288094 -0.499699
0.078120 -0.287614 -0.500305
0.078702 -0.290271 -0.498029
0.077332 -0.290235 -0.495756
0.077389 -0.290681 -0.495650
0.077225 -0.290441 -0.494858
0.077440 -0.289492 -0.497219
0.077284 -0.289245 -0.499782
0.076601 -0.289501 -0.498367
0.077388 -0.290130 -0.496218
0.076027 -0.289549 -0.497865
0.076689 -0.290384 -0.494803
0.076085 -0.290529 -0.497207
0.075598 -0.288749 -0.499273
0.079291 -0.289674 -0.499102
0.078540 -0.291117 -0.496117
0.077393 -0.292302 -0.493978
0.076741 -0.289747 -0.495803
0.076438 -0.289813 -0.497007
0.076963 -0.290951 -0.495954
0.077713 -0.289507 -0.498939
0.078539 -0.290582 -0.496669
0.077745 -0.290496 -0.494912
0.078128 -0.290319 -0.497527
0.077445 -0.291648 -0.494996
0.076746 -0.291903 -0.493580
0.076332 -0.290569 -0.495541
0.076745 -0.290830 -0.494697
0.076710 -0.289293 -0.499279
0.078070 -0.289338 -0.498184
0.076276 -0.289586 -0.496212
0.077277 -0.289803 -0.495859
0.075432 -0.287439 -0.499584
0.078181 -0.290216 -0.497976
0.076709 -0.288758 -0.499831
0.077763 -0.287783 -0.501060
0.077711 -0.288437 -0.500042
0.076742 -0.290282 -0.495252
0.077389 -0.290681 -0.495650
0.075437 -0.289595 -0.497361
0.076080 -0.288373 -0.499431
0.077230 -0.288813 -0.499884
0.077658 -0.289613 -0.498477
0.077388 -0.290130 -0.496218
0.076580 -0.290593 -0.493891
0.076745 -0.290830 -0.494697
0.076633 -0.290490 -0.494340
0.076598 -0.287342 -0.500604
0.077441 -0.288954 -0.497784
0.078485 -0.290685 -0.496220
0.076966 -0.292037 -0.494834
0.076027 -0.289549 -0.497865
0.076081 -0.289446 -0.498314
0.077177 -0.289450 -0.498884
0.078286 -0.288924 -0.499993
0.078756 -0.290168 -0.498478
0.078489 -0.292306 -0.494548
0.078377 -0.291967 -0.494192
0.077747 -0.291047 -0.494343
0.076955 -0.288246 -0.498733
0.076383 -0.289380 -0.497110
0.077715 -0.290058 -0.498371
0.077857 -0.291374 -0.494703
0.077336 -0.291319 -0.494649
0.076442 -0.290896 -0.495901
0.078071 -0.289873 -0.497632
0.077285 -0.288707 -0.500347
0.078181 -0.290216 -0.497976
0.074752 -0.289316 -0.496498
0.074337 -0.287970 -0.498462
0.077603 -0.289181 -0.498579
0.077912 -0.291806 -0.494600
0.078322 -0.291534 -0.494294
0.077067 -0.289124 -0.498524
0.076767 -0.289738 -0.499173
0.076244 -0.288597 -0.500239
0.077601 -0.288094 -0.499699
0.076959 -0.289329 -0.497626
0.078432 -0.291861 -0.494654
0.077006 -0.289785 -0.494152
0.075384 -0.290249 -0.496343
0.076136 -0.289340 -0.498776
0.077011 -0.288140 -0.499195
0.078855 -0.289970 -0.496021
0.076689 -0.290384 -0.494803
0.075222 -0.290560 -0.494983
0.076551 -0.291225 -0.496247
0.077690 -0.290602 -0.494449
0.076544 -0.287983 -0.499590
0.078181 -0.290216 -0.497976
0.079021 -0.291280 -0.495710
0.078859 -0.291053 -0.494915
0.077231 -0.289348 -0.499333
0.077771 -0.291026 -0.497716
0.077770 -0.289952 -0.498833
0.076491 -0.288637 -0.498573
0.077016 -0.290313 -0.496955
0.076799 -0.290727 -0.495146
0.078323 -0.290996 -0.494860
0.076492 -0.289172 -0.498021
0.077176 -0.288915 -0.499435
0.076709 -0.288758 -0.499831
0.078124 -0.289235 -0.498633
0.077802 -0.291479 -0.494241
0.076278 -0.290672 -0.495092
0.075328 -0.289804 -0.496449
0.077385 -0.289060 -0.497322
0.077712 -0.288972 -0.499491
0.078012 -0.288358 -0.498842
0.077502 -0.292094 -0.494890
0.076691 -0.291471 -0.493683
0.078265 -0.290016 -0.495517
0.077281 -0.291425 -0.494187
0.076741 -0.289747 -0.495803
0.077071 -0.290207 -0.497418
0.076380 -0.287221 -0.499347
0.076709 -0.288219 -0.500396
0.076959 -0.289329 -0.497626
0.078431 -0.291326 -0.495206
0.077335 -0.290784 -0.495201
0.076959 -0.289868 -0.497061
0.076768 -0.290273 -0.498621
0.076243 -0.289135 -0.499674
0.077658 -0.289075 -0.499042
0.078914 -0.291485 -0.494812
0.076745 -0.291368 -0.494132
0.075437 -0.289595 -0.497361
0.076189 -0.288165 -0.500342
0.076224 -0.291313 -0.494078
0.079184 -0.290968 -0.497070
0.078432 -0.291861 -0.494654
0.077390 -0.291216 -0.495098
0.076605 -0.290584 -0.497261
0.076653 -0.287774 -0.500502
0.077173 -0.287829 -0.500555
0.078015 -0.288906 -0.498287
0.077389 -0.290681 -0.495650
0.077802 -0.291479 -0.494241
0.077227 -0.291527 -0.493738
0.075710 -0.289626 -0.499064
0.075597 -0.288214 -0.499824
0.077064 -0.288038 -0.499644
0.076189 -0.288165 -0.500342
0.078322 -0.291534 -0.494294
0.077802 -0.291479 -0.494241
0.078125 -0.289771 -0.498081
0.078016 -0.289441 -0.497735
0.076908 -0.290518 -0.496057
0.078127 -0.290857 -0.496961
0.078156 -0.289686 -0.495171
0.077279 -0.290338 -0.495307
0.075437 -0.289595 -0.497361
0.075541 -0.287768 -0.499930
0.081142 -0.290406 -0.500416
0.077495 -0.289924 -0.497116
0.077607 -0.290802 -0.496908
0.077766 -0.288869 -0.499940
0.077385 -0.289060 -0.497322
0.079022 -0.290742 -0.496275
0.077306 -0.289171 -0.493503
0.078744 -0.288554 -0.496795
0.073262 -0.292281 -0.496811
0.072111 -0.298864 -0.489103
0.065157 -0.315202 -0.469770
0.053516 -0.334179 -0.447051
0.053903 -0.340497 -0.439611
0.057690 -0.354814 -0.429332
0.054087 -0.345040 -0.439324
0.046054 -0.328202 -0.454316
0.038506 -0.322879 -0.453856
0.039664 -0.320077 -0.457654
0.037124 -0.323390 -0.451026
0.037945 -0.329415 -0.446653
0.041766 -0.334450 -0.446298
0.044491 -0.333970 -0.448035
0.044671 -0.341230 -0.441588
0.037863 -0.337169 -0.441319
0.039442 -0.337887 -0.440914
0.039172 -0.338403 -0.438656
0.038647 -0.337265 -0.439708
0.046161 -0.327446 -0.455782
0.046900 -0.320600 -0.464347
0.049793 -0.321443 -0.465769
0.049543 -0.320333 -0.468539
0.050803 -0.325438 -0.461521
0.048075 -0.331853 -0.453651
0.043999 -0.334993 -0.450231
0.041954 -0.341152 -0.443775
0.044270 -0.346368 -0.436866
0.043362 -0.351990 -0.434903
0.041627 -0.354829 -0.430591
0.041184 -0.351345 -0.431419
0.041108 -0.342793 -0.439883
0.041270 -0.341408 -0.442361
0.040464 -0.335923 -0.446170
0.039770 -0.338334 -0.442531
0.040163 -0.347360 -0.432299
0.039174 -0.353079 -0.426521
0.038551 -0.355403 -0.423329
0.041343 -0.362464 -0.424002
0.039876 -0.362640 -0.424182
0.039609 -0.361515 -0.426953
0.039386 -0.359238 -0.427919
0.039435 -0.356963 -0.430608
0.041011 -0.356594 -0.431322
0.040765 -0.357105 -0.432420
0.040609 -0.360659 -0.427717
0.040796 -0.360326 -0.432450
0.041068 -0.359807 -0.434722
0.042976 -0.361523 -0.435365
0.042604 -0.365491 -0.428852
0.044458 -0.367832 -0.428498
0.044190 -0.369435 -0.425120
0.041908 -0.369599 -0.429822
0.042532 -0.367827 -0.432445
0.043423 -0.366091 -0.433431
0.042879 -0.363330 -0.436153
0.043798 -0.360961 -0.434783
0.042672 -0.358806 -0.433081
0.043025 -0.357016 -0.433997
0.042253 -0.355838 -0.436716
0.041631 -0.354895 -0.440239
0.042324 -0.358967 -0.437190
0.044246 -0.366080 -0.432280
0.041842 -0.364841 -0.434374
0.041321 -0.370731 -0.428197
0.040506 -0.370735 -0.432702
0.039571 -0.369331 -0.434626
0.042405 -0.368120 -0.437823
0.042975 -0.370239 -0.432734
0.043244 -0.368649 -0.436109
0.041171 -0.366173 -0.435208
0.020911 -0.384742 -0.419461
0.019165 -0.395247 -0.410264
0.019740 -0.395735 -0.410215
0.016259 -0.395489 -0.407720
0.016929 -0.393084 -0.408003
0.014123 -0.389339 -0.410266
0.015397 -0.389037 -0.412184
0.014950 -0.393181 -0.411501
0.014278 -0.398302 -0.405072
0.008237 -0.406852 -0.393292
0.007509 -0.412078 -0.386400
0.004118 -0.424763 -0.380643
0.002834 -0.434342 -0.372157
0.001456 -0.449543 -0.357189
-0.002347 -0.464593 -0.339852
-0.008020 -0.477300 -0.322868
-0.014527 -0.498223 -0.301583
-0.020064 -0.516125 -0.279932
-0.025570 -0.535555 -0.253687
-0.033612 -0.548560 -0.234215
-0.048927 -0.572503 -0.192544
-0.058191 -0.588961 -0.164891
-0.066945 -0.601146 -0.141754
-0.071011 -0.606904 -0.129265
-0.070816 -0.608655 -0.125482
-0.082766 -0.616757 -0.099187
-0.088637 -0.622237 -0.081910
-0.090731 -0.621927 -0.075416
-0.092606 -0.621751 -0.070177
-0.091907 -0.620423 -0.072709
-0.089687 -0.617657 -0.070337
-0.089691 -0.616036 -0.072008
-0.090860 -0.614512 -0.072660
-0.090563 -0.614522 -0.077736
-0.088544 -0.617099 -0.078188
-0.087249 -0.608583 -0.088925
-0.087767 -0.595529 -0.108973
-0.083283 -0.561833 -0.150038
-0.066795 -0.527968 -0.199852
-0.024677 -0.512415 -0.251294
0.003146 -0.516078 -0.262802
-0.006581 -0.530734 -0.240586
-0.009456 -0.533123 -0.239189
-0.009402 -0.533021 -0.239638
-0.015860 -0.538078 -0.232056
-0.018954 -0.540885 -0.228836
-0.024085 -0.546059 -0.223074
-0.029505 -0.550678 -0.216154
-0.029921 -0.548258 -0.219236
-0.026546 -0.540531 -0.222899
-0.020785 -0.537833 -0.217189
-0.007218 -0.530753 -0.220338
0.001018 -0.528175 -0.223740
0.010022 -0.511480 -0.224115
-0.002356 -0.499230 -0.216382
-0.021469 -0.479963 -0.199049
-0.029803 -0.474546 -0.200187
-0.041641 -0.471151 -0.199510
-0.050306 -0.473468 -0.196950
-0.062387 -0.479210 -0.188463
-0.070567 -0.482773 -0.184389
-0.085431 -0.497762 -0.161433
-0.096728 -0.504136 -0.150784
-0.097293 -0.508513 -0.145818
-0.096913 -0.519145 -0.133915
-0.096229 -0.522690 -0.128063
-0.082623 -0.539393 -0.106686
-0.074069 -0.547019 -0.094948
-0.057064 -0.552190 -0.087857
-0.033507 -0.556514 -0.087730
-0.028137 -0.554693 -0.091411
-0.002650 -0.549217 -0.094430
0.019209 -0.547010 -0.093638
0.046478 -0.537581 -0.108817
0.063025 -0.530675 -0.121129
0.092668 -0.511109 -0.145923
0.130432 -0.498461 -0.166650
0.174005 -0.493906 -0.173891
0.212257 -0.471595 -0.201333
0.215391 -0.473555 -0.196631
0.243345 -0.455535 -0.199379
0.249006 -0.438443 -0.211188
0.257559 -0.420487 -0.219801
0.275542 -0.406329 -0.226155
0.279149 -0.404136 -0.225505
0.272679 -0.384088 -0.224720
0.249435 -0.374743 -0.222396
0.244049 -0.361351 -0.228036
0.248864 -0.351849 -0.229817
0.249755 -0.338134 -0.240136
0.253028 -0.320790 -0.250010
0.253793 -0.310532 -0.252717
0.256000 -0.301816 -0.256480
0.254349 -0.293111 -0.264778
0.248289 -0.272930 -0.279629
0.248451 -0.259016 -0.292007
0.244944 -0.248494 -0.300097
0.229267 -0.241221 -0.304947
0.228174 -0.241749 -0.303839
0.214232 -0.219645 -0.322337
0.232265 -0.210881 -0.329858
0.233361 -0.204404 -0.337103
0.222535 -0.202273 -0.338341
0.214097 -0.194899 -0.344158
0.207638 -0.189675 -0.350518
0.201435 -0.187713 -0.351898
0.201387 -0.191062 -0.348093
0.188197 -0.190326 -0.345733
0.188580 -0.191221 -0.347231
0.189614 -0.189162 -0.349564
0.186887 -0.188556 -0.348948
0.185718 -0.187032 -0.349599
0.182270 -0.187772 -0.343091
0.182459 -0.190081 -0.335384
0.185266 -0.192129 -0.328512
0.181673 -0.191005 -0.326226
0.178956 -0.193018 -0.316541
0.179119 -0.194798 -0.306030
0.182386 -0.198099 -0.294275
0.186630 -0.203334 -0.283416
0.186575 -0.202901 -0.283518
0.198149 -0.198560 -0.277723
0.206785 -0.195166 -0.278033
0.217243 -0.194158 -0.271245
0.227138 -0.194795 -0.265654
0.232278 -0.197738 -0.259690
0.240968 -0.204526 -0.246494
0.253265 -0.199908 -0.245487
0.266921 -0.190462 -0.251769
0.281209 -0.186288 -0.250064
0.297615 -0.179619 -0.254737
0.317357 -0.173423 -0.254255
0.333230 -0.159052 -0.260401
0.344086 -0.142073 -0.272845
0.345215 -0.132797 -0.283325
0.365971 -0.105022 -0.298970
0.378702 -0.090309 -0.304781
0.396007 -0.083988 -0.301923
0.419572 -0.085469 -0.288646
0.422510 -0.086216 -0.287163
0.448430 -0.079203 -0.278456
0.453375 -0.059133 -0.288825
0.458901 -0.026959 -0.302763
0.458984 0.087858 -0.336155
0.466192 0.132779 -0.328766
0.492131 0.158071 -0.294052
0.523880 0.140264 -0.238212
0.527703 0.135315 -0.231567
0.571595 0.047574 -0.150710
0.585212 -0.018788 -0.112931
0.583016 -0.096034 -0.060249
0.574858 -0.154444 -0.008643
0.549205 -0.206388 0.044023
0.482099 -0.291103 0.158708
0.416655 -0.326326 0.230355
0.364318 -0.341860 0.278912
0.335251 -0.353181 0.301106
0.265621 -0.354588 0.370587
0.236113 -0.327704 0.423448
0.253510 -0.259178 0.447869
0.308314 -0.153764 0.425285
0.331084 -0.126948 0.407531
0.473437 0.005889 0.232598
0.539190 0.050582 0.100541
0.563767 0.105042 -0.060976
0.544529 0.147614 -0.180180
0.515934 0.171782 -0.217469
0.371035 0.264979 -0.378976
0.250315 0.297361 -0.430313
0.113468 0.317240 -0.453265
0.041557 0.336030 -0.445337
-0.124392 0.401284 -0.395395
-0.239332 0.461625 -0.286576
-0.271488 0.493604 -0.173766
-0.229888 0.513428 -0.106925
-0.204352 0.518609 -0.090570
-0.038420 0.528940 -0.129054
0.089244 0.509815 -0.206735
0.228055 0.451041 -0.268655
0.378328 0.338604 -0.292380
0.396073 0.320052 -0.292076
0.543233 0.031902 -0.235021
0.553900 -0.105033 -0.149938
0.538647 -0.221225 -0.025176
0.502133 -0.289803 0.088145
0.444456 -0.322756 0.166181
0.285156 -0.346705 0.357638
0.206596 -0.236329 0.467063
0.213293 -0.207769 0.465648
0.266012 -0.063811 0.438579
0.337188 -0.028078 0.381605
0.415291 -0.005592 0.307341
0.469058 0.006088 0.244041
0.533200 0.037864 0.129338
0.573411 0.084804 -0.046174
0.552489 0.129373 -0.185827
0.480411 0.180161 -0.313679
0.446260 0.198333 -0.344942
0.253819 0.258218 -0.443915
0.118564 0.311434 -0.453712
-0.051989 0.372937 -0.419026
-0.204138 0.423022 -0.334262
-0.222965 0.428626 -0.320638
-0.296684 0.489395 -0.151350
-0.245410 0.517095 -0.125167
-0.152063 0.532886 -0.147194
-0.062589 0.536493 -0.189988
0.021648 0.519439 -0.226435
0.255882 0.429655 -0.310095
0.413364 0.301598 -0.305170
0.522016 0.138685 -0.250585
0.552323 0.074096 -0.214167
0.577975 -0.082073 -0.078263
0.555536 -0.175775 0.049278
0.517570 -0.267455 0.163619
0.420281 -0.341085 0.297053
0.390386 -0.348028 0.319931
0.259839 -0.281975 0.412103
0.254724 -0.213724 0.428181
0.289667 -0.142506 0.418965
0.326718 -0.090278 0.393738
0.348554 -0.080053 0.379894
0.448730 -0.054569 0.288149
0.511263 -0.053548 0.212545
0.562470 -0.047174 0.119426
0.587986 -0.040607 0.037576
0.588835 -0.019409 -0.057802
0.554398 0.032170 -0.222265
0.474384 0.082759 -0.331822
0.360369 0.120017 -0.405003
0.299140 0.136724 -0.427331
-0.207906 0.293827 -0.368974
-0.348662 0.351388 -0.251479
-0.410294 0.371973 -0.165533
-0.420124 0.411776 -0.073568
-0.375994 0.451292 -0.017530
-0.286716 0.497952 -0.036377
-0.140095 0.533838 -0.111191
-0.090059 0.537284 -0.145464
0.243424 0.445858 -0.267232
0.422514 0.303503 -0.274928
0.525115 0.156455 -0.230732
0.573706 0.020499 -0.158391
0.577013 0.005254 -0.147386
0.558246 -0.182032 0.035395
0.513983 -0.270462 0.124945
0.426050 -0.363505 0.238583
0.331987 -0.375375 0.315993
0.235203 -0.328113 0.390909
0.212593 -0.312383 0.417989
0.218609 -0.288813 0.442300
0.239965 -0.257452 0.454647
0.260593 -0.236402 0.453342
0.330166 -0.203081 0.421963
0.397933 -0.199723 0.371975
0.470114 -0.202100 0.296824
0.529084 -0.196763 0.203790
0.545171 -0.189298 0.171248
0.584311 -0.108438 -0.084570
0.529423 -0.036976 -0.236721
0.419435 0.025417 -0.352097
0.285012 0.071141 -0.414279
0.212945 0.090007 -0.424822
-0.055952 0.167008 -0.417411
-0.220243 0.220849 -0.356379
-0.354254 0.272416 -0.262595
-0.420342 0.291173 -0.191569
-0.469920 0.340147 -0.076189
-0.455683 0.393430 -0.009254
-0.378991 0.454093 -0.020788
-0.280177 0.507788 -0.081738
-0.235041 0.521770 -0.118455
0.024498 0.516922 -0.287064
0.200942 0.442838 -0.342842
0.371387 0.319555 -0.344597
0.568891 -0.005447 -0.162082
0.569460 -0.151813 0.013227
0.526528 -0.247889 0.121784
0.453164 -0.346653 0.229513
0.396521 -0.369113 0.270726
0.236099 -0.345031 0.377037
0.193084 -0.317530 0.421418
0.192307 -0.277174 0.461663
0.210044 -0.223397 0.476772
0.214097 -0.217580 0.477286
0.289465 -0.175528 0.448390
0.364956 -0.164599 0.396316
0.446919 -0.150365 0.319036
0.507900 -0.129479 0.239013
0.553397 -0.112424 0.154833
0.597170 -0.056408 -0.039830
0.574033 -0.005278 -0.178758
0.502084 0.048589 -0.297757
0.442204 0.070977 -0.350687
0.258256 0.143975 -0.430157
0.075860 0.210086 -0.450961
-0.112244 0.272466 -0.412112
-0.272500 0.327375 -0.322907
-0.297438 0.336274 -0.299661
-0.421874 0.386045 -0.126022
-0.402826 0.428996 -0.075571
-0.333309 0.478864 -0.075452
-0.228542 0.520350 -0.122720
-0.186704 0.524694 -0.138086
0.106763 0.496792 -0.285086
0.291680 0.402976 -0.315958
0.465296 0.246358 -0.273942
0.532088 0.149528 -0.219370
0.583853 -0.038291 -0.096885
0.567198 -0.169363 0.020086
0.506872 -0.277444 0.122604
0.421509 -0.352936 0.220939
0.393394 -0.363966 0.249664
0.266890 -0.349881 0.370485
0.232425 -0.329076 0.409572
0.214645 -0.313113 0.438068
0.222936 -0.282870 0.457023
0.226070 -0.275579 0.458542
0.343754 -0.167025 0.407666
0.500583 -0.080505 0.237596
0.516337 -0.068172 0.208471
0.587351 -0.014560 0.027257
0.584297 0.040225 -0.104300
0.542523 0.104921 -0.235849
0.446978 0.164633 -0.356214
0.431279 0.172367 -0.367894
0.204095 0.282382 -0.459971
0.073346 0.344083 -0.452350
-0.066973 0.383326 -0.412158
-0.171776 0.405826 -0.360561
-0.268491 0.438473 -0.286978
-0.307543 0.470848 -0.198574
-0.244335 0.502694 -0.207329
-0.146090 0.519800 -0.252177
-0.087871 0.520310 -0.280455
0.133431 0.433820 -0.385535
0.295755 0.298086 -0.416246
0.421316 0.149358 -0.374194
0.502744 0.012761 -0.287060
0.510471 -0.012339 -0.271176
0.544237 -0.201270 -0.075077
0.529079 -0.276727 0.058220
0.488032 -0.333895 0.181830
0.427113 -0.365903 0.295757
0.405902 -0.363859 0.318573
0.278911 -0.338345 0.417651
0.236673 -0.316085 0.436803
0.227259 -0.284193 0.456797
0.239813 -0.253898 0.458388
0.302174 -0.185523 0.432897
0.390411 -0.122731 0.365138
0.462649 -0.103615 0.292921
0.529322 -0.094569 0.198787
0.549586 -0.094202 0.163297
0.596956 -0.034572 -0.061305
0.562996 0.047113 -0.205345
0.469899 0.153198 -0.338219
0.329208 0.245945 -0.425828
0.303702 0.260071 -0.430297
0.049474 0.371949 -0.439532
-0.101439 0.418752 -0.394844
-0.233755 0.452823 -0.303133
-0.277916 0.466229 -0.230234
-0.146950 0.526956 -0.170292
-0.029394 0.529189 -0.209258
0.109625 0.500454 -0.258668
0.127048 0.492726 -0.264438
0.359781 0.337264 -0.324908
0.459790 0.215547 -0.303611
0.537942 0.070141 -0.238181
0.566764 -0.043546 -0.157161
0.567137 -0.124279 -0.078309
0.472501 -0.305959 0.196493
0.325653 -0.349024 0.322303
0.232057 -0.356388 0.366160
0.204520 -0.350996 0.390221
0.157493 -0.320956 0.444559
0.164238 -0.259687 0.489434
0.208753 -0.181551 0.486463
0.271230 -0.105391 0.448898
0.275794 -0.094778 0.444347
0.423494 -0.065832 0.327887
0.511669 -0.076701 0.230979
0.571150 -0.067303 0.107878
0.596843 -0.026847 -0.026712
0.583124 0.005201 -0.085996
0.449831 0.156664 -0.349935
0.292926 0.232187 -0.432732
0.131894 0.300030 -0.455495
0.046423 0.335209 -0.449541
-0.145341 0.386168 -0.391763
-0.274910 0.421332 -0.296075
-0.334592 0.449094 -0.200867
-0.343553 0.465867 -0.129194
-0.337743 0.475289 -0.111352
-0.223168 0.523856 -0.121790
-0.119952 0.537578 -0.178608
0.013488 0.523793 -0.263021
0.167585 0.455725 -0.341364
0.188019 0.440785 -0.349044
0.456681 0.172457 -0.338875
0.535665 -0.015368 -0.237570
0.547027 -0.172410 -0.100416
0.514247 -0.261580 0.004208
0.443659 -0.333519 0.111487
0.265812 -0.402925 0.297165
0.187584 -0.386459 0.347672
0.121216 -0.362735 0.421680
0.122092 -0.287096 0.498518
0.165623 -0.228365 0.502713
0.242275 -0.189801 0.475796
0.303815 -0.172400 0.441104
0.458157 -0.153436 0.305754
0.521429 -0.146659 0.222719
0.580931 -0.111688 0.079242
0.591898 -0.049723 -0.090817
0.574722 -0.020246 -0.167483
0.422733 0.106787 -0.367753
0.282163 0.171483 -0.436479
0.118531 0.223785 -0.458733
-0.051417 0.284740 -0.437003
-0.082226 0.295606 -0.426938
-0.370097 0.353477 -0.233686
-0.434530 0.376933 -0.119955
-0.423268 0.416667 -0.055502
-0.361932 0.462490 -0.041106
-0.269312 0.499193 -0.077186
-0.049250 0.533289 -0.197209
0.132285 0.491480 -0.280339
0.317513 0.381223 -0.321765
0.389923 0.309854 -0.323121
0.539662 0.077371 -0.237294
0.570991 -0.087415 -0.115486
0.546634 -0.202492 0.001357
0.501502 -0.310526 0.117019
0.487189 -0.339614 0.154412
0.276215 -0.395706 0.339755
0.207321 -0.371256 0.380717
0.171683 -0.347843 0.418047
0.172336 -0.320606 0.446735
0.175005 -0.313692 0.448411
0.267127 -0.219653 0.452431
0.323889 -0.194137 0.423442
0.386363 -0.187549 0.377945
0.436507 -0.182341 0.331454
0.506993 -0.167914 0.243016
0.581434 -0.116222 0.071093
0.592177 -0.041469 -0.088339
0.545114 0.052045 -0.235774
0.499573 0.101593 -0.301668
0.264512 0.233935 -0.441238
-0.130587 0.290428 -0.407991
-0.255114 0.305814 -0.339849
-0.382749 0.326839 -0.231985
-0.462886 0.352415 -0.075598
-0.440281 0.398081 -0.018323
-0.357989 0.460596 -0.022236
-0.306839 0.488260 -0.037181
-0.056501 0.535478 -0.179182
0.145338 0.488888 -0.273402
0.314116 0.391077 -0.304083
0.445455 0.257904 -0.292353
0.462483 0.234135 -0.288525
0.561878 -0.014532 -0.179021
0.564120 -0.125353 -0.080580
0.552355 -0.213970 0.028731
0.533791 -0.300767 0.130916
0.487915 -0.332571 0.174792
0.289828 -0.380408 0.324431
0.233457 -0.363448 0.371137
0.220080 -0.328849 0.410288
0.223250 -0.305480 0.427032
0.283037 -0.217369 0.429620
0.324972 -0.148273 0.413747
0.369831 -0.127173 0.381128
0.436647 -0.124657 0.325177
0.457847 -0.127783 0.303470
0.558538 -0.134039 0.151254
0.586397 -0.135573 0.046801
0.584085 -0.132749 -0.054419
0.550385 -0.110423 -0.160711
0.529652 -0.100161 -0.184993
0.367452 -0.034613 -0.346457
0.219933 -0.015152 -0.385140
0.089297 0.018215 -0.393856
-0.006553 0.051476 -0.387740
-0.157981 0.109767 -0.351790
-0.360771 0.194050 -0.239307
-0.458414 0.234461 -0.125995
-0.503850 0.281816 -0.009483
-0.500428 0.306899 0.026538
-0.408057 0.416948 0.054177
-0.288723 0.496687 -0.041679
-0.132174 0.531923 -0.188597
0.091277 0.482269 -0.329782
0.508830 0.086584 -0.293172
0.531331 -0.086057 -0.203917
0.503114 -0.247495 -0.068903
0.481967 -0.294865 -0.014206
0.308617 -0.424545 0.215606
0.194166 -0.423486 0.315490
0.133269 -0.399518 0.370656
0.100416 -0.372607 0.428570
0.101652 -0.367929 0.435196
0.132451 -0.286286 0.502850
0.188079 -0.246969 0.495701
0.259702 -0.227641 0.465923
0.335060 -0.222424 0.420775
0.388627 -0.218037 0.382452
0.529390 -0.191299 0.199426
0.584125 -0.141776 0.041957
0.577137 -0.064505 -0.139750
0.546459 -0.016356 -0.224434
0.389646 0.076952 -0.368466
0.222247 0.164554 -0.452126
0.056582 0.251233 -0.461849
-0.112341 0.332432 -0.419366
-0.171368 0.349455 -0.394595
-0.386968 0.394273 -0.198176
-0.421747 0.412723 -0.102995
-0.393164 0.443368 -0.051928
-0.329430 0.483271 -0.072452
-0.304512 0.491900 -0.091331
-0.104702 0.505503 -0.300118
0.081593 0.441833 -0.393847
0.269044 0.305373 -0.428485
0.346961 0.203371 -0.419835
0.398685 0.052655 -0.371442
0.417508 -0.147864 -0.262021
0.390139 -0.258670 -0.162669
0.347385 -0.345082 -0.055760
0.322463 -0.376443 -0.003393
0.200994 -0.443849 0.180329
0.101380 -0.442103 0.252907
0.020039 -0.430071 0.311662
-0.044678 -0.413654 0.366736
-0.046097 -0.412572 0.374622
-0.071715 -0.339096 0.505858
-0.014283 -0.279411 0.546647
0.178769 -0.188078 0.515963
0.364494 -0.167615 0.408899
0.474387 -0.150930 0.300058
0.555841 -0.124466 0.168072
0.598180 -0.086171 0.026827
0.578259 -0.036959 -0.120853
0.498797 0.038214 -0.304773
0.387607 0.087495 -0.392302
0.261478 0.128925 -0.438091
0.197757 0.149505 -0.451831
-0.009346 0.248490 -0.450057
-0.184431 0.302301 -0.391406
-0.326999 0.332068 -0.294747
-0.437555 0.336672 -0.165198
-0.451753 0.335059 -0.141093
-0.483554 0.350702 0.031694
-0.436482 0.403871 0.041869
-0.360606 0.464661 -0.029229
-0.261963 0.509367 -0.147511
-0.216203 0.510359 -0.181007
0.110322 0.459963 -0.366079
0.284283 0.357173 -0.389036
0.411679 0.211808 -0.374955
0.458389 0.105180 -0.347197
0.488332 -0.069723 -0.264219
0.463424 -0.238366 -0.136208
0.393053 -0.353468 -0.004554
0.288325 -0.425493 0.113059
0.239200 -0.443414 0.163065
0.036984 -0.431239 0.289178
-0.044768 -0.408038 0.338859
-0.112908 -0.380840 0.397926
-0.142854 -0.345989 0.461420
-0.147092 -0.339552 0.468739
-0.055926 -0.292285 0.540631
0.022167 -0.288418 0.540832
0.128224 -0.293964 0.518367
0.223188 -0.299152 0.482134
0.331780 -0.292940 0.415186
0.516183 -0.233111 0.217228
0.586690 -0.144387 0.038079
0.586477 -0.051375 -0.122453
0.564213 -0.001339 -0.201163
0.421880 0.109462 -0.368322
0.116634 0.233689 -0.463524
-0.050996 0.287182 -0.438939
-0.088642 0.293283 -0.428877
-0.354280 0.339124 -0.261076
-0.429352 0.358928 -0.163102
-0.438206 0.390047 -0.103910
-0.408067 0.431117 -0.089717
-0.360616 0.459643 -0.111116
-0.222241 0.514653 -0.205254
-0.084976 0.508297 -0.308863
0.068393 0.446361 -0.395385
0.143978 0.390909 -0.423881
0.353216 0.172569 -0.414495
0.438186 0.028040 -0.348070
0.475430 -0.115338 -0.247581
0.470729 -0.245129 -0.120734
0.467080 -0.266375 -0.094698
0.321342 -0.422012 0.190211
0.182852 -0.427909 0.298341
0.083349 -0.406403 0.352853
0.036742 -0.397540 0.391112
0.033405 -0.391447 0.405949
0.035377 -0.359606 0.482866
0.102584 -0.322909 0.501755
0.190565 -0.300658 0.487604
0.253693 -0.296481 0.459847
0.353488 -0.295061 0.395689
0.466314 -0.288620 0.269325
0.526203 -0.268598 0.142211
0.543566 -0.233767 -0.004571
0.539134 -0.215558 -0.053569
0.435101 -0.109340 -0.271998
0.309085 -0.031363 -0.363217
0.142253 0.063059 -0.418858
-0.017637 0.145330 -0.421924
-0.047573 0.156221 -0.417435
-0.329467 0.234258 -0.280060
-0.412623 0.281224 -0.194668
-0.445786 0.340465 -0.120146
-0.439079 0.385203 -0.080313
-0.364718 0.452849 -0.081134
-0.176633 0.528758 -0.132037
0.022436 0.525590 -0.199120
0.230216 0.454320 -0.256753
0.526382 0.122102 -0.254497
0.564001 -0.036529 -0.169510
0.557939 -0.151654 -0.065530
0.537840 -0.214783 0.024954
0.516911 -0.262754 0.088583
0.408259 -0.384702 0.276942
0.269640 -0.399285 0.356225
0.184565 -0.380528 0.396114
0.157789 -0.372127 0.402501
0.131053 -0.344199 0.446346
0.152587 -0.309069 0.476197
0.209125 -0.265683 0.478391
0.286234 -0.225110 0.449657
0.297102 -0.221185 0.444298
0.425443 -0.217260 0.344705
0.500870 -0.216115 0.245140
0.563614 -0.185682 0.101979
0.585553 -0.123703 -0.040945
0.554214 -0.061648 -0.139171
0.401078 0.114210 -0.383204
0.223005 0.205459 -0.451282
0.057483 0.247567 -0.457254
-0.043928 0.259010 -0.441517
-0.216412 0.282482 -0.370868
-0.336368 0.315335 -0.275831
-0.406771 0.358558 -0.183586
-0.424038 0.396110 -0.109814
-0.413578 0.408082 -0.101617
-0.319845 0.481208 -0.102155
-0.209273 0.519244 -0.166526
-0.077326 0.525518 -0.249544
0.089380 0.479502 -0.340601
0.116012 0.463700 -0.348024
0.369771 0.248694 -0.389377
0.451992 0.089823 -0.345410
0.200236 -0.140883 0.494874
0.306186 -0.082446 0.428854
-0.138458 0.528688 -0.206702
0.002789 0.513958 -0.288111
0.146553 0.440409 -0.340191
0.366829 0.269751 -0.383006
0.470618 0.108128 -0.334416
0.515986 -0.056499 -0.243872
0.508809 -0.145726 -0.182456
0.429563 -0.333183 0.006962
0.308150 -0.416063 0.158069
0.189227 -0.426043 0.255872
0.126349 -0.414211 0.307248
0.117797 -0.414030 0.325955
0.034761 -0.391962 0.417244
-0.008849 -0.351802 0.484530
-0.010005 -0.290772 0.531338
0.048351 -0.209232 0.546694
0.064845 -0.195269 0.543520
0.268112 -0.077635 0.449380
0.378446 -0.062080 0.368074
0.469012 -0.052349 0.273178
0.527126 -0.036078 0.187141
0.563041 0.024040 0.054212
0.547343 0.144415 -0.181837
0.451390 0.235527 -0.313066
0.331506 0.296676 -0.396597
0.281998 0.310293 -0.415884
-0.211308 0.348415 -0.368976
-0.349324 0.376944 -0.248225
-0.389323 0.382561 -0.193632
-0.420169 0.417301 -0.056482
-0.354620 0.465410 -0.048683
-0.242727 0.515967 -0.105484
-0.091937 0.533645 -0.203932
-0.072623 0.531220 -0.217584
0.246386 0.392323 -0.375402
0.388336 0.256549 -0.370263
0.488466 0.100344 -0.313766
0.522679 -0.034512 -0.244875
0.521701 -0.104527 -0.200905
0.442436 -0.329549 0.018224
0.343243 -0.403099 0.153990
0.221137 -0.423719 0.254079
0.166249 -0.420780 0.299533
0.081553 -0.406654 0.354839
0.024161 -0.386035 0.426781
-0.002761 -0.351265 0.484030
0.014670 -0.296793 0.522930
0.025016 -0.272431 0.531773
0.197436 -0.139830 0.495386
0.314267 -0.082938 0.419952
0.429941 -0.055911 0.315290
0.519849 -0.028541 0.189952
0.529239 -0.019449 0.169207
0.553198 0.134861 -0.154124
0.463853 0.231316 -0.294287
0.303324 0.311525 -0.400902
0.196642 0.329117 -0.435600
0.049317 0.329492 -0.442580
-0.142826 0.331939 -0.402675
-0.279731 0.338258 -0.323889
-0.387082 0.349610 -0.215373
-0.421865 0.356744 -0.166457
-0.403604 0.426920 -0.074942
-0.318047 0.485992 -0.083029
-0.183788 0.527783 -0.127494
-0.042137 0.533152 -0.190539
-0.015034 0.529161 -0.206910
0.251902 0.426136 -0.316672
0.364692 0.332146 -0.331390
0.448470 0.230258 -0.318063
0.555978 -0.075295 -0.161976
0.551515 -0.197422 -0.021988
0.519078 -0.276267 0.124498
0.443147 -0.324708 0.250855
0.430435 -0.330604 0.260307
0.280982 -0.341708 0.372446
0.259260 -0.319304 0.403182
0.265782 -0.288765 0.420188
0.288145 -0.254437 0.416542
0.320285 -0.222726 0.405133
0.388477 -0.162188 0.357363
0.424761 -0.131232 0.320406
0.464567 -0.106536 0.274098
0.496539 -0.089081 0.230222
0.542108 -0.083818 0.161215
0.575009 -0.081796 0.079130
0.589160 -0.087117 0.017328
0.587472 -0.100773 -0.041567
0.584753 -0.107320 -0.052994
0.547623 -0.138651 -0.133016
0.509071 -0.164229 -0.164770
0.468804 -0.188096 -0.177823
0.422895 -0.212143 -0.183796
0.417303 -0.214990 -0.184034
0.342558 -0.241270 -0.185273
0.269497 -0.246733 -0.189918
0.241576 -0.244497 -0.195675
0.230863 -0.243256 -0.196702
0.178888 -0.236083 -0.206457
0.154765 -0.230710 -0.210570
0.131488 -0.228034 -0.210743
0.117557 -0.223846 -0.213776
0.098517 -0.219897 -0.213148
0.080120 -0.211998 -0.220739
0.066289 -0.202750 -0.229695
0.059455 -0.189588 -0.245169
0.060272 -0.186869 -0.246810
0.058719 -0.163345 -0.274425
0.059146 -0.159271 -0.281400
0.053613 -0.151120 -0.290313
0.048941 -0.142940 -0.301436
0.047113 -0.141113 -0.304612
0.043898 -0.133372 -0.324633
0.044582 -0.136917 -0.318781
