-0.532841 0.009911 -0.164198 268.934416
-0.531947 0.056342 -0.140037 263.953980
-0.527691 0.127743 -0.076323 256.391639
-0.526550 0.143915 -0.044527 254.713428
-0.522212 0.155427 -0.011362 253.425301
-0.524394 0.159526 0.010429 253.079669
-0.522241 0.160328 0.016256 252.933541
-0.523380 0.158966 0.033590 253.104897
-0.522348 0.156818 0.044560 253.289357
-0.521801 0.161030 0.056336 252.849520
-0.515155 0.181495 0.064591 250.592022
-0.514047 0.185297 0.066863 250.177403
-0.510215 0.192432 0.072435 249.335571
-0.511271 0.195663 0.074159 249.058143
-0.516098 0.198010 0.068478 249.009802
-0.513336 0.203686 0.065030 248.357356
-0.512758 0.206056 0.058808 248.106807
-0.512748 0.205251 0.052449 248.183984
-0.515482 0.202746 0.056035 248.529590
-0.518726 0.199038 0.044288 249.007853
-0.515502 0.196952 0.044189 249.090170
-0.517122 0.195673 0.039394 249.273887
-0.520912 0.193318 0.034558 249.639351
-0.518720 0.195221 0.029366 249.376147
-0.519293 0.190895 0.027070 249.816300
-0.517152 0.189444 0.029636 249.881157
-0.524193 0.185980 0.024233 250.465646
-0.525305 0.182869 0.025681 250.806028
-0.525360 0.178343 0.030753 251.249312
-0.524821 0.178991 0.033415 251.167939
-0.521003 0.181436 0.028242 250.799630
-0.519403 0.181245 0.035607 250.763635
-0.521576 0.179594 0.034487 250.999881
-0.523751 0.179208 0.038164 251.110912
-0.520040 0.173820 0.046878 251.518152
-0.521142 0.172363 0.049979 251.698809
-0.525543 0.165157 0.054945 252.554183
-0.524520 0.160088 0.059464 253.027317
-0.526746 0.153268 0.060753 253.776559
-0.525231 0.144804 0.071973 254.586681
-0.525839 0.138044 0.074314 255.290575
-0.534156 0.116672 0.081833 257.678829
-0.534827 0.103707 0.087065 259.026112
-0.532217 0.095597 0.094081 259.817130
-0.536627 0.085470 0.092596 260.950333
-0.535631 0.075345 0.090043 261.993014
-0.537925 0.061791 0.094199 263.447201
-0.536425 0.049902 0.099472 264.685220
-0.538676 0.041704 0.105444 265.573070
-0.539227 0.039423 0.101657 265.818539
-0.537728 0.026315 0.103188 267.198294
-0.536728 0.016120 0.099050 268.279660
-0.538906 0.015183 0.102177 268.386184
-0.536194 0.015620 0.099554 268.331412
-0.536228 0.011943 0.099921 268.724127
-0.537347 0.006486 0.095996 269.308435
-0.537405 0.002029 0.102652 269.783645
-0.535211 0.003908 0.096932 269.581615
-0.530979 -0.004211 0.103417 270.454383
-0.534229 -0.006561 0.098579 270.703657
-0.533736 -0.013084 0.094077 271.404274
-0.532166 -0.018263 0.095955 271.965542
-0.531128 -0.021148 0.102150 272.280156
-0.531186 -0.026847 0.104536 272.893338
-0.531776 -0.032712 0.103227 273.520080
-0.526885 -0.030096 0.101748 273.269224
-0.526923 -0.034325 0.101563 273.727069
-0.526933 -0.035359 0.102045 273.838938
-0.526499 -0.047557 0.100456 275.161347
-0.524954 -0.054735 0.104881 275.952502
-0.521780 -0.062060 0.105607 276.782887
-0.513185 -0.065339 0.113346 277.255874
-0.512072 -0.062848 0.109763 276.997099
-0.507815 -0.069590 0.111565 277.803057
-0.510022 -0.074917 0.110811 278.356408
-0.507899 -0.079127 0.110622 278.855072
-0.506290 -0.080721 0.110021 279.058832
-0.508504 -0.085313 0.114042 279.523925
-0.504728 -0.085762 0.115066 279.643450
-0.509558 -0.085209 0.104563 279.493257
-0.508494 -0.086118 0.107683 279.612379
-0.507982 -0.086801 0.116083 279.696741
-0.508510 -0.085197 0.116682 279.511161
-0.505260 -0.082226 0.123654 279.243287
-0.508480 -0.082049 0.116292 279.166292
-0.506853 -0.081529 0.115784 279.137973
-0.504687 -0.080982 0.115802 279.115960
-0.502556 -0.079765 0.131132 279.018674
-0.504179 -0.080354 0.130057 279.055383
-0.506363 -0.082417 0.131553 279.244608
-0.506895 -0.081342 0.132129 279.116590
-0.504167 -0.078722 0.131182 278.874639
-0.507909 -0.075216 0.127656 278.423740
-0.506289 -0.074558 0.130316 278.377420
-0.509540 -0.074425 0.134019 278.310034
-0.504066 -0.063966 0.142894 277.232159
-0.505693 -0.063864 0.145537 277.197829
-0.506221 -0.061018 0.150406 276.873117
-0.507278 -0.057143 0.154794 276.427085
-0.507801 -0.053769 0.159686 276.044259
-0.506175 -0.051984 0.163975 275.863710
-0.505077 -0.049216 0.166728 275.565529
-0.509329 -0.041349 0.166556 274.641254
-0.511432 -0.035048 0.166310 273.920280
-0.513098 -0.039152 0.169297 274.363490
-0.515211 -0.032689 0.172747 273.630469
-0.512460 -0.025564 0.178321 272.855787
-0.512412 -0.019680 0.180159 272.199476
-0.514018 -0.016269 0.186110 271.812829
-0.514497 -0.009402 0.186411 271.046949
-0.510107 -0.000125 0.192602 270.014055
-0.506850 0.004570 0.202811 269.483360
-0.506848 0.007008 0.210296 269.207847
-0.506275 0.010713 0.210456 268.787822
-0.503541 0.016299 0.217017 268.146071
-0.503551 0.015886 0.219634 268.193069
-0.501410 0.015055 0.224335 268.280169
-0.500891 0.014234 0.229568 268.372276
-0.499250 0.016960 0.231264 268.054366
-0.497644 0.017872 0.239731 267.943200
-0.498149 0.021521 0.238838 267.526239
-0.492727 0.023705 0.239446 267.245592
-0.496488 0.026959 0.242233 266.891887
-0.495427 0.025498 0.244802 267.053715
-0.497560 0.028030 0.242810 266.775639
-0.497554 0.028536 0.242305 266.717578
-0.498597 0.031513 0.238222 266.383539
-0.498559 0.035718 0.237879 265.902156
-0.498528 0.038223 0.234826 265.615663
-0.497386 0.045724 0.237259 264.747626
-0.497995 0.040229 0.244398 265.381610
-0.494728 0.042876 0.243978 265.046736
-0.497458 0.039682 0.243846 265.439240
-0.494700 0.045427 0.241982 264.753397
-0.497452 0.039566 0.241206 265.452400
-0.495893 0.033353 0.243565 266.152175
-0.495925 0.030251 0.245011 266.509348
-0.495909 0.031169 0.241889 266.403507
-0.494872 0.028308 0.248612 266.726132
-0.491707 0.020546 0.251426 267.607285
-0.492243 0.021691 0.253586 267.476885
-0.492787 0.021755 0.255171 267.472172
-0.491674 0.023625 0.249453 267.249044
-0.486272 0.024316 0.252104 267.137314
-0.483046 0.024047 0.257354 267.150106
-0.484662 0.025780 0.261123 266.955232
-0.483078 0.023428 0.267339 267.223466
-0.481439 0.025556 0.267428 266.961385
-0.481409 0.029326 0.269174 266.514055
-0.481383 0.031301 0.266098 266.279644
-0.478728 0.028500 0.273874 266.593054
-0.477607 0.032071 0.270865 266.158426
-0.478184 0.028435 0.272288 266.596899
-0.478751 0.025857 0.273758 266.908488
-0.477133 0.025319 0.273204 266.962394
-0.477111 0.026744 0.269577 266.791747
-0.477677 0.023521 0.268383 267.180973
-0.478832 0.015653 0.269623 268.127694
-0.480448 0.015546 0.267515 268.146671
-0.480454 0.015041 0.268020 268.206914
-0.477716 0.018695 0.266592 267.758920
-0.478742 0.023833 0.263657 267.150064
-0.481434 0.024843 0.263181 267.046012
-0.479825 0.023248 0.262580 267.226074
-0.479805 0.025340 0.262145 266.976883
-0.478194 0.026159 0.268500 266.868774
-0.475503 0.025149 0.268976 266.972502
-0.476028 0.026086 0.266383 266.863383
-0.479286 0.023897 0.265242 267.145592
-0.475545 0.020392 0.268768 267.544604
-0.477691 0.020694 0.264044 267.519474
-0.478782 0.019650 0.264528 267.649768
-0.480923 0.021079 0.261434 267.490347
-0.484153 0.020820 0.256162 267.537676
-0.484130 0.021623 0.250400 267.442704
-0.484113 0.023760 0.251020 267.190200
-0.483563 0.024822 0.251065 267.061521
-0.486826 0.023347 0.254171 267.254392
-0.485774 0.020805 0.256165 267.547542
-0.485217 0.022350 0.255177 267.362751
-0.485172 0.026440 0.252194 266.880730
-0.484081 0.026862 0.249575 266.823857
-0.483539 0.026844 0.249045 266.822480
-0.483563 0.026064 0.255335 266.914782
-0.484635 0.026514 0.253777 266.868562
-0.482484 0.024877 0.252119 267.048383
-0.484127 0.022795 0.253086 267.304202
-0.483631 0.019331 0.258203 267.711082
-0.483072 0.021450 0.258294 267.457558
-0.481998 0.020977 0.259325 267.508016
-0.483584 0.024617 0.258434 267.085907
-0.482481 0.026050 0.254805 266.909499
-0.482481 0.026050 0.254805 266.909499
-0.478182 0.024066 0.256815 267.118871
-0.480376 0.022210 0.263063 267.352867
-0.483037 0.023862 0.253130 267.171910
-0.482499 0.023913 0.254184 267.162734
-0.482989 0.027905 0.249090 266.693315
-0.481857 0.034350 0.251477 265.922463
-0.480754 0.038267 0.256388 265.448947
-0.477486 0.041513 0.257576 265.031166
-0.480163 0.042867 0.252899 264.898354
-0.476973 0.039565 0.261178 265.258154
-0.476395 0.044419 0.263497 264.673136
-0.479046 0.047749 0.255744 264.307808
-0.481740 0.048185 0.254190 264.288106
-0.479116 0.042281 0.263410 264.956776
-0.481909 0.029778 0.255493 266.464117
-0.486214 0.030636 0.251853 266.394645
-0.482877 0.041212 0.251780 265.121816
-0.481171 0.050119 0.250057 264.053462
-0.481706 0.050620 0.249553 264.001090
-0.480060 0.055117 0.255542 263.450441
-0.478972 0.056229 0.256642 263.304365
-0.477851 0.061019 0.257375 262.723030
-0.477274 0.065275 0.258087 262.212162
-0.476700 0.068359 0.256112 261.839415
-0.477149 0.077730 0.253361 260.747537
-0.478222 0.079421 0.256073 260.570570
-0.477673 0.079885 0.254511 260.505784
-0.472272 0.080599 0.257690 260.315015
-0.472852 0.076413 0.258562 260.820402
-0.479402 0.068956 0.258253 261.814826
-0.481105 0.057519 0.250380 263.182293
-0.484415 0.048895 0.246850 264.236261
-0.484991 0.045237 0.247745 264.671226
-0.486637 0.042603 0.248161 264.996737
-0.487766 0.036089 0.244191 265.768449
-0.487244 0.033359 0.241962 266.083392
-0.484574 0.032143 0.249807 266.204981
-0.487787 0.034642 0.247289 265.937722
-0.488295 0.037119 0.243710 265.652916
-0.487208 0.037610 0.242675 265.585751
-0.487231 0.036209 0.246829 265.749772
-0.489464 0.028906 0.249151 266.620207
-0.485693 0.028526 0.251760 266.638721
-0.485151 0.027266 0.246960 266.783323
-0.489476 0.026653 0.245891 266.883143
-0.486779 0.026148 0.245862 266.925181
-0.488946 0.025003 0.244236 267.072616
-0.486783 0.026839 0.249581 266.844206
-0.488384 0.028916 0.249149 266.611648
-0.485112 0.032713 0.250887 266.142155
-0.485086 0.034689 0.247811 265.909709
-0.481272 0.040307 0.254898 265.212537
-0.483945 0.042190 0.250244 265.017537
-0.480177 0.041903 0.254965 265.012732
-0.479637 0.041286 0.252829 265.080207
-0.480201 0.039881 0.256984 265.252481
-0.484555 0.036097 0.255776 265.739608
-0.484528 0.037452 0.250566 265.580095
-0.482880 0.040660 0.251229 265.186835
-0.482345 0.040757 0.253339 265.170068
-0.482337 0.043079 0.258184 264.896221
-0.478014 0.043738 0.260309 264.772029
-0.480168 0.044822 0.261416 264.667040
-0.480711 0.043622 0.258203 264.814895
-0.481254 0.043664 0.259260 264.815812
-0.482333 0.041768 0.252330 265.050736
-0.481809 0.040233 0.253315 265.226582
-0.479652 0.040345 0.255422 265.192034
-0.480731 0.042152 0.260774 264.988955
-0.479615 0.044573 0.255607 264.690449
-0.481223 0.044926 0.251938 264.666440
-0.481769 0.044416 0.252444 264.732611
-0.482865 0.042844 0.252905 264.929515
-0.481795 0.042440 0.255520 264.965952
-0.481275 0.040975 0.258089 265.133705
-0.478027 0.041508 0.257577 265.037314
-0.482868 0.043511 0.256096 264.851012
-0.480695 0.043943 0.253474 264.776820
-0.478553 0.043710 0.259783 264.781186
-0.482312 0.045078 0.255636 264.660484
-0.481766 0.045588 0.255130 264.594325
-0.479060 0.045543 0.253540 264.569407
-0.479098 0.041935 0.255490 264.997695
-0.478028 0.042152 0.260240 264.960719
-0.481277 0.041021 0.259145 265.128271
-0.479638 0.042551 0.257627 264.930258
-0.481788 0.042922 0.254487 264.908956
-0.482856 0.043901 0.252951 264.804988
-0.480694 0.043299 0.250811 264.852938
-0.480169 0.042983 0.255539 264.884749
-0.481272 0.040928 0.257033 265.139140
-0.479128 0.040650 0.262285 265.150590
-0.478045 0.041234 0.263362 265.070154
-0.480681 0.045528 0.253544 264.589277
-0.482312 0.043836 0.251366 264.806770
-0.479121 0.041132 0.261252 265.093251
-0.483388 0.044355 0.251391 264.757236
-0.481788 0.043543 0.256622 264.835705
-0.482330 0.043562 0.257151 264.839304
-0.480164 0.044109 0.257169 264.751381
-0.481782 0.043428 0.253982 264.849261
-0.482360 0.041058 0.260203 265.134818
-0.481810 0.040878 0.255978 265.150549
-0.480734 0.040979 0.258088 265.127705
-0.481264 0.042009 0.257607 265.011404
-0.481779 0.043980 0.254533 264.784158
-0.481769 0.044416 0.252444 264.732611
-0.482315 0.043285 0.250815 264.871806
-0.481790 0.042969 0.255543 264.903532
-0.477486 0.042134 0.259711 264.957223
-0.479651 0.040942 0.257029 265.121119
-0.480717 0.042496 0.256573 264.948144
-0.479630 0.043631 0.258201 264.802163
-0.482853 0.043855 0.251895 264.810398
-0.480682 0.044931 0.251937 264.659924
-0.481775 0.043910 0.252949 264.792291
-0.481808 0.042073 0.259192 265.009386
-0.479097 0.043154 0.259233 264.853069
-0.482874 0.043005 0.256601 264.910573
-0.483390 0.044402 0.252448 264.751833
-0.480194 0.040984 0.258087 265.121693
-0.483959 0.042467 0.256580 264.985126
-0.481234 0.044513 0.254555 264.715323
-0.478538 0.045273 0.259324 264.595532
-0.482367 0.040575 0.261236 265.191778
-0.480719 0.043163 0.259764 264.869282
-0.482876 0.043052 0.257657 264.905161
-0.477997 0.045277 0.259323 264.588901
-0.479642 0.042621 0.259211 264.922085
-0.482859 0.043970 0.254535 264.796874
-0.483957 0.042421 0.255524 264.990527
-0.478045 0.041234 0.263362 265.070154
-0.481821 0.040464 0.258595 265.199431
-0.480687 0.044402 0.251913 264.722441
-0.481768 0.045014 0.254051 264.662104
-0.479054 0.046669 0.255170 264.435860
-0.481242 0.043433 0.253980 264.842954
-0.480187 0.041466 0.257054 265.064490
-0.479096 0.043131 0.258705 264.855796
-0.479629 0.044229 0.259808 264.731333
-0.479077 0.044003 0.254527 264.752121
-0.481746 0.047059 0.252559 264.420846
-0.483917 0.045983 0.252518 264.571934
-0.483400 0.043965 0.254536 264.803210
-0.481235 0.045157 0.257218 264.639317
-0.482857 0.045787 0.259884 264.583134
-0.481752 0.047795 0.257334 264.334173
-0.479045 0.048968 0.259487 264.163495
-0.482799 0.050865 0.255363 263.985870
-0.483354 0.049895 0.257430 264.106406
-0.480099 0.052153 0.260156 263.800275
-0.482259 0.052111 0.259632 263.832750
-0.480060 0.055117 0.255542 263.450441
-0.481659 0.057768 0.256189 263.160815
-0.480556 0.059202 0.252560 262.976856
-0.482165 0.060820 0.253689 262.810759
-0.480038 0.059645 0.262591 262.917228
-0.481633 0.061607 0.259519 262.710734
-0.481625 0.062687 0.260093 262.584208
-0.481593 0.065789 0.258648 262.221115
-0.479946 0.069021 0.259839 261.816424
-0.481553 0.069351 0.255641 261.804929
-0.481034 0.067908 0.258739 261.964583
-0.479965 0.066907 0.259746 262.064170
-0.479963 0.068723 0.265095 261.851517
-0.481531 0.072637 0.258420 261.421786
-0.479373 0.072725 0.259999 261.373461
-0.480422 0.076439 0.260691 260.959543
-0.480398 0.077840 0.256536 260.796221
-0.480939 0.077835 0.256538 260.806931
-0.481485 0.077946 0.259179 260.804340
-0.478799 0.078270 0.266037 260.715906
-0.481482 0.078498 0.259730 260.740317
-0.481461 0.080566 0.258766 260.500346
-0.477678 0.080599 0.258758 260.422674
-0.479814 0.083177 0.257822 260.165405
-0.480357 0.082620 0.257272 260.240759
-0.481441 0.083278 0.260466 260.186282
-0.480890 0.084317 0.259983 260.055144
-0.478157 0.086844 0.256924 259.705966
-0.479751 0.089404 0.255459 259.443751
-0.477582 0.090503 0.256029 259.269546
-0.480298 0.089515 0.258100 259.442719
-0.478664 0.091137 0.258694 259.219916
-0.475424 0.092454 0.264013 258.995274
-0.480278 0.092848 0.261935 259.058506
-0.481336 0.094883 0.260446 258.848562
-0.478606 0.096836 0.256308 258.561766
-0.480210 0.097741 0.253190 258.495326
-0.480245 0.095306 0.257826 258.775349
-0.480228 0.097466 0.258975 258.527198
-0.478620 0.097113 0.262644 258.530236
-0.475331 0.102427 0.262868 257.839509
-0.478014 0.103276 0.258696 257.808499
-0.478548 0.103156 0.256057 257.835453
-0.479070 0.105886 0.258286 257.536589
-0.474771 0.105765 0.266701 257.441274
-0.478550 0.104421 0.260855 257.690842
-0.477447 0.106475 0.259361 257.428203
-0.477424 0.109141 0.260005 257.123227
-0.474159 0.113054 0.264383 256.589314
-0.478998 0.113792 0.258104 256.636434
-0.477396 0.111692 0.258008 256.831934
-0.475737 0.115934 0.258189 256.304335
-0.474161 0.114342 0.269709 256.442213
-0.478452 0.115544 0.261868 256.423312
-0.476254 0.119193 0.260441 255.949083
-0.476791 0.118498 0.256723 256.042893
-0.476829 0.115512 0.260809 256.382448
-0.476803 0.118108 0.259868 256.087374
-0.474598 0.122240 0.257408 255.556514
-0.474602 0.122930 0.261127 255.478502
-0.473006 0.122808 0.270077 255.445422
-0.474593 0.124631 0.263837 255.285968
-0.474572 0.126079 0.260738 255.122021
-0.470239 0.128392 0.264517 254.728427
-0.472427 0.125800 0.265990 255.089070
-0.475608 0.130159 0.257757 254.694678
-0.475102 0.127729 0.262392 254.952117
-0.472945 0.127840 0.264499 254.874081
-0.473433 0.133005 0.262092 254.307901
-0.473948 0.134379 0.257410 254.170365
-0.475017 0.136001 0.258538 254.023169
-0.471232 0.136609 0.259608 253.833302
-0.473421 0.134637 0.263217 254.124651
-0.473950 0.136265 0.264343 253.959608
-0.472316 0.137266 0.262802 253.794849
-0.471722 0.142441 0.260392 253.197778
-0.472276 0.140828 0.259796 253.395943
-0.473341 0.142381 0.259339 253.258706
-0.471719 0.142372 0.258808 253.205369
-0.472293 0.140553 0.265581 253.427134
-0.472282 0.142185 0.266706 253.245056
-0.474392 0.146141 0.261087 252.878081
-0.471684 0.146647 0.260048 252.729496
-0.475504 0.143627 0.264142 253.192920
-0.471146 0.147318 0.263238 252.636502
-0.471165 0.145825 0.265281 252.802725
-0.470624 0.146451 0.267415 252.714681
-0.470041 0.149971 0.263351 252.304271
-0.468943 0.150876 0.259699 252.165170
-0.471090 0.152442 0.259773 252.068670
-0.469483 0.150871 0.259700 252.184920
-0.473304 0.148472 0.265929 252.583697
-0.468962 0.152487 0.272417 251.987639
-0.468415 0.152974 0.271383 251.914092
-0.469987 0.155739 0.262549 251.666461
-0.469434 0.156110 0.258875 251.605446
-0.468889 0.157885 0.263167 251.390463
-0.469415 0.158845 0.261103 251.304683
-0.468379 0.155386 0.266219 251.646620
-0.469990 0.156406 0.265741 251.593303
-0.467805 0.158446 0.263716 251.288645
-0.467227 0.161438 0.259629 250.938765
-0.468853 0.162758 0.266015 250.856017
-0.466682 0.164455 0.268192 250.587971
-0.466650 0.165694 0.260341 250.451494
-0.465048 0.164215 0.262380 250.551157
-0.463989 0.162800 0.266004 250.665526
-0.467751 0.166077 0.269319 250.452341
-0.465588 0.164831 0.264516 250.504626
-0.465027 0.167525 0.265687 250.188559
-0.467738 0.167065 0.267782 250.344453
-0.465522 0.170989 0.260570 249.831409
-0.468225 0.170989 0.261104 249.938575
-0.467138 0.172722 0.264338 249.708318
-0.466615 0.171211 0.265852 249.850869
-0.466587 0.173140 0.261720 249.641203
-0.463306 0.177374 0.261370 249.050952
-0.463309 0.176822 0.260819 249.110620
-0.466026 0.175857 0.263419 249.325793
-0.462788 0.175954 0.264995 249.182923
-0.462243 0.177109 0.267152 249.035628
-0.462777 0.177609 0.266649 249.003681
-0.461666 0.180744 0.265729 248.619461
-0.461108 0.181023 0.259943 248.565855
-0.460563 0.182798 0.264235 248.351767
-0.463272 0.181672 0.263139 248.587414
-0.462731 0.182297 0.265272 248.497592
-0.460579 0.181880 0.267357 248.451259
-0.458930 0.186307 0.271762 247.904838
-0.460014 0.184504 0.266943 248.145092
-0.459975 0.187468 0.262329 247.826139
-0.463225 0.186957 0.263369 248.021029
-0.455129 0.188454 0.271846 247.507130
-0.460531 0.187142 0.267060 247.885052
-0.462667 0.188478 0.261854 247.835299
-0.459417 0.190231 0.265084 247.507051
-0.457236 0.192962 0.266778 247.119414
-0.460995 0.193709 0.260497 247.207996
-0.459911 0.195512 0.265316 246.969287
-0.457768 0.194037 0.267354 247.029065
-0.458309 0.194032 0.267355 247.053842
-0.457741 0.197232 0.268020 246.689754
-0.457182 0.198109 0.263841 246.571679
-0.459319 0.200709 0.263433 246.396007
-0.458258 0.199249 0.266002 246.500795
-0.458292 0.195572 0.266368 246.890089
-0.456597 0.203445 0.265127 245.983765
-0.456617 0.201354 0.265563 246.204007
-0.457709 0.201552 0.270317 246.233660
-0.457132 0.205809 0.271029 245.761891
-0.455512 0.205225 0.269418 245.746666
-0.452240 0.207780 0.266886 245.323713
-0.452797 0.207478 0.272144 245.382068
-0.453303 0.209287 0.265374 245.217499
-0.453853 0.208847 0.267464 245.289832
-0.453855 0.208893 0.268520 245.285136
-0.453845 0.210548 0.270173 245.112467
-0.454353 0.212403 0.264459 244.944624
-0.452140 0.217615 0.262573 244.298453
-0.453767 0.217096 0.263081 244.432146
-0.448931 0.216427 0.270944 244.261532
-0.451614 0.217276 0.266773 244.307302
-0.451628 0.216932 0.270974 244.343440
-0.447799 0.221630 0.269061 243.667708
-0.446718 0.222881 0.273329 243.483997
-0.449395 0.222994 0.264382 243.608985
-0.448305 0.224681 0.266561 243.380908
-0.449397 0.224282 0.269708 243.477494
-0.446708 0.224536 0.274982 243.313754
-0.448848 0.225344 0.269753 243.341097
-0.447203 0.227380 0.267730 243.049021
-0.448291 0.226888 0.268765 243.155234
-0.445005 0.231650 0.268438 242.500515
-0.447715 0.230546 0.267870 242.754271
-0.447731 0.229605 0.270463 242.850402
-0.445568 0.230221 0.272066 242.674982
-0.444442 0.233700 0.266945 242.263413
-0.443901 0.234302 0.268551 242.173771
-0.443311 0.238925 0.265589 241.677270
-0.443335 0.236903 0.267609 241.881417
-0.443888 0.236532 0.271283 241.948462
-0.441177 0.238233 0.273458 241.631170
-0.441132 0.242323 0.270475 241.219067
-0.441130 0.241656 0.267284 241.285534
-0.438940 0.244846 0.267418 240.846660
-0.435712 0.244531 0.271612 240.697948
-0.437879 0.243386 0.269986 240.933479
-0.438952 0.244456 0.270563 240.886160
-0.440556 0.247201 0.273322 240.702740
-0.436789 0.245694 0.274300 240.642265
-0.438901 0.250294 0.271345 240.305056
-0.437276 0.250836 0.271364 240.159941
-0.434536 0.253846 0.267273 239.707465
-0.434523 0.255455 0.267870 239.548826
-0.436162 0.253925 0.269388 239.792898
-0.435074 0.255658 0.272623 239.560660
-0.433994 0.255668 0.272621 239.497457
-0.433420 0.258751 0.270646 239.162844
-0.435063 0.256669 0.271613 239.461115
-0.431767 0.261247 0.267062 238.823391
-0.430675 0.263509 0.270320 238.539583
-0.431764 0.262419 0.269748 238.709426
-0.431773 0.261983 0.271837 238.752272
-0.429034 0.264993 0.267746 238.298405
-0.424717 0.267009 0.276782 237.843452
-0.429515 0.271285 0.266968 237.723194
-0.428445 0.270260 0.267448 237.756540
-0.430079 0.269879 0.271124 237.891289
-0.429005 0.270004 0.273762 237.814766
-0.426298 0.270556 0.273779 237.598152
-0.427341 0.274154 0.271831 237.318392
-0.424062 0.277192 0.268266 236.828981
-0.420812 0.278922 0.270968 236.462876
-0.419747 0.277989 0.273560 236.484327
-0.423519 0.278991 0.273086 236.625329
-0.422980 0.279018 0.273613 236.589168
-0.421891 0.280108 0.274185 236.418421
-0.424593 0.280084 0.274191 236.588966
-0.420767 0.283012 0.267985 236.074889
-0.419670 0.285181 0.269131 235.802434
-0.420218 0.285315 0.272300 235.824661
-0.417531 0.284397 0.274888 235.739664
-0.418541 0.290453 0.268831 235.240670
-0.418015 0.290114 0.273031 235.238266
-0.415814 0.293694 0.270020 234.765954
-0.413656 0.292541 0.267329 234.731732
-0.416366 0.292679 0.271031 234.895206
-0.417451 0.293383 0.275281 234.900654
-0.414194 0.294973 0.274815 234.542947
-0.412024 0.296693 0.277519 234.242829
-0.410935 0.295920 0.271686 234.241800
-0.411969 0.300576 0.269784 233.885227
-0.413064 0.300222 0.273987 233.989666
-0.409836 0.300528 0.280316 233.747873
-0.407602 0.305347 0.269454 233.162026
-0.407645 0.302453 0.275652 233.426375
-0.408691 0.306718 0.276895 233.112144
-0.406530 0.306139 0.275283 233.018286
-0.403250 0.310396 0.275460 232.413279
-0.405929 0.312394 0.273447 232.418876
-0.405938 0.311337 0.273401 232.513348
-0.402108 0.316035 0.271488 231.834647
-0.401615 0.311996 0.275526 232.158081
-0.401609 0.313122 0.277156 232.057607
-0.397266 0.317090 0.282588 231.403748
-0.396701 0.317875 0.276297 231.294959
-0.396651 0.322470 0.272809 230.889462
-0.397736 0.321312 0.270653 231.066949
-0.393439 0.321236 0.280125 230.768972
-0.396092 0.324589 0.272900 230.666044
-0.396663 0.322701 0.278089 230.870232
-0.392851 0.325262 0.275556 230.376863
-0.388468 0.332194 0.276375 229.464990
-0.391724 0.329338 0.272042 229.944901
-0.391186 0.330631 0.277367 229.795501
-0.391705 0.332694 0.276405 229.657177
-0.388460 0.333895 0.279084 229.319789
-0.387912 0.334382 0.278050 229.238540
-0.384628 0.337925 0.273980 228.698186
-0.384646 0.335811 0.273888 228.877806
-0.384074 0.339539 0.274576 228.521902
-0.384076 0.340183 0.277240 228.468110
-0.381917 0.340869 0.280426 228.250420
-0.380815 0.342325 0.277325 228.046726
-0.378626 0.344296 0.273716 227.718771
-0.378056 0.348070 0.275461 227.364726
-0.376969 0.348562 0.274426 227.242125
-0.378053 0.348622 0.276012 227.319246
-0.376427 0.349165 0.276031 227.151735
-0.376444 0.348246 0.279153 227.228237
-0.374233 0.353504 0.278323 226.631536
-0.372061 0.353936 0.275702 226.430081
-0.368240 0.357577 0.273743 225.841727
-0.369328 0.358327 0.279048 225.866204
-0.369347 0.356834 0.281091 225.987242
-0.369346 0.356189 0.278428 226.038865
-0.366100 0.356769 0.278972 225.739546
-0.361722 0.363794 0.281902 224.836421
-0.361700 0.365839 0.280411 224.674067
-0.360080 0.365876 0.280935 224.542577
-0.355748 0.367591 0.283107 224.061946
-0.357315 0.372103 0.278038 223.838495
-0.356784 0.370430 0.275856 223.924939
-0.355694 0.372118 0.278035 223.707262
-0.350856 0.371426 0.285370 223.368734
-0.351876 0.377046 0.281402 223.022318
-0.350799 0.375883 0.278714 223.022991
-0.348609 0.377831 0.274577 222.696403
-0.343722 0.383000 0.283222 221.906301
-0.347533 0.378554 0.278822 222.553605
-0.347008 0.377617 0.281415 222.581192
-0.343189 0.381280 0.279984 221.990233
-0.341004 0.384563 0.282230 221.564404
-0.340414 0.388565 0.277133 221.220933
-0.337725 0.386980 0.276530 221.111848
-0.336093 0.388028 0.276044 220.897711
-0.338272 0.387712 0.281306 221.104122
-0.338249 0.390378 0.281950 220.907847
-0.334986 0.393095 0.283114 220.436843
-0.331733 0.393536 0.280490 220.129376
-0.329529 0.397070 0.276423 219.689346
-0.328976 0.398063 0.274884 219.571769
-0.328996 0.397213 0.279589 219.633603
-0.327904 0.399475 0.282847 219.380364
-0.325748 0.399610 0.285483 219.185739
-0.321942 0.402906 0.287725 218.626592
-0.321896 0.405731 0.279943 218.427511
-0.318667 0.404151 0.279339 218.255238
-0.317023 0.406210 0.277844 217.969974
-0.314874 0.407080 0.285254 217.721693
-0.315901 0.411620 0.280712 217.504745
-0.314815 0.413377 0.284475 217.291774
-0.312115 0.412205 0.281255 217.132468
-0.308868 0.413980 0.285013 216.726334
-0.309405 0.412067 0.277553 216.901492
-0.311046 0.411203 0.282262 217.104951
-0.308322 0.414514 0.285035 216.642515
-0.304517 0.418431 0.289412 216.045552
-0.303956 0.418664 0.282570 215.980168
-0.301207 0.423352 0.280660 215.431118
-0.300661 0.423863 0.280154 215.349430
-0.298003 0.420394 0.284738 215.331496
-0.294708 0.426213 0.284457 214.662139
-0.295264 0.424669 0.285445 214.810162
-0.289252 0.431453 0.282564 213.838423
-0.289257 0.430304 0.280406 213.909582
-0.286554 0.431546 0.284142 213.584822
-0.287075 0.433656 0.284235 213.504128
-0.282179 0.436156 0.280116 212.901572
-0.282170 0.438455 0.284432 212.763501
-0.276751 0.438823 0.279692 212.238243
-0.277290 0.439416 0.281300 212.253652
-0.275671 0.439476 0.282352 212.098909
-0.276226 0.439128 0.286554 212.171255
-0.273505 0.441886 0.288776 211.755417
-0.270799 0.441196 0.284523 211.540865
-0.268060 0.444851 0.283094 211.072536
-0.267500 0.446946 0.282658 210.900755
-0.270756 0.446575 0.286866 211.228272
-0.266981 0.446125 0.287890 210.898169
-0.265357 0.446093 0.286831 210.746211
-0.262638 0.448254 0.287445 210.366622
-0.262651 0.447266 0.288983 210.423026
-0.258269 0.451737 0.281789 209.757638
-0.258282 0.451370 0.285462 209.778957
-0.256122 0.453275 0.292390 209.468535
-0.256653 0.453085 0.288168 209.529636
-0.253919 0.454969 0.282446 209.165958
-0.251227 0.454557 0.284529 208.928781
-0.245811 0.456856 0.287777 208.282467
-0.249037 0.457126 0.282528 208.581050
-0.246891 0.456824 0.287252 208.389060
-0.247444 0.455831 0.288791 208.494969
-0.243627 0.460139 0.290023 207.899572
-0.241461 0.458846 0.284164 207.754941
-0.238187 0.461977 0.282711 207.274864
-0.237631 0.464142 0.283859 207.111463
-0.239262 0.463094 0.284344 207.323615
-0.237108 0.463251 0.287507 207.104944
-0.236027 0.463260 0.287505 206.998454
-0.230600 0.465950 0.287608 206.330936
-0.231135 0.466451 0.287105 206.359208
-0.226773 0.469452 0.282482 205.783239
-0.228400 0.469554 0.285125 205.939166
-0.225732 0.466521 0.287621 205.820597
-0.220271 0.473509 0.289493 204.947322
-0.217051 0.469629 0.284572 204.805199
-0.217567 0.472865 0.286296 204.707301
-0.215957 0.471868 0.287302 204.591885
-0.214868 0.473579 0.290009 204.404376
-0.212689 0.475114 0.288489 204.116133
-0.207784 0.478671 0.284416 203.464886
-0.205640 0.476553 0.283791 203.340918
-0.205106 0.476696 0.286958 203.280602
-0.202387 0.478236 0.285437 202.937826
-0.205108 0.477340 0.289621 203.252660
-0.200752 0.481078 0.289773 202.650599
-0.195893 0.480591 0.289739 202.176249
-0.195864 0.482498 0.285079 202.094059
-0.197491 0.483220 0.289858 202.229724
-0.195353 0.480596 0.289738 202.120789
-0.191567 0.483043 0.296686 201.632475
-0.190460 0.484407 0.291473 201.463865
-0.189351 0.486346 0.287339 201.272658
-0.189376 0.483727 0.287751 201.380026
-0.183426 0.485526 0.291503 200.696004
-0.185027 0.486982 0.288936 200.804129
-0.185045 0.485465 0.290451 200.865348
-0.183971 0.484992 0.291481 200.773144
-0.181220 0.489014 0.286380 200.333823
-0.179616 0.486890 0.285756 200.249279
-0.177437 0.488425 0.284237 199.965277
-0.177435 0.490242 0.289586 199.896894
-0.176347 0.490734 0.288551 199.766111
-0.174743 0.490450 0.293804 199.610507
-0.171486 0.491443 0.291731 199.236154
-0.168766 0.492339 0.287547 198.920858
-0.165514 0.493424 0.287586 198.543483
-0.163910 0.493141 0.292839 198.385716
-0.166038 0.496201 0.290871 198.501197
-0.164434 0.495297 0.293989 198.365655
-0.161185 0.495830 0.293477 198.008410
-0.158994 0.497755 0.288812 197.714663
-0.158484 0.495233 0.291336 197.745619
-0.153568 0.499847 0.287309 197.078551
-0.154151 0.495706 0.289237 197.274257
-0.151978 0.498599 0.294628 196.951761
-0.153055 0.498520 0.293046 197.067484
-0.149781 0.501030 0.289459 196.643860
-0.143304 0.501225 0.292612 195.955637
-0.141671 0.502871 0.293734 195.733846
-0.139532 0.500224 0.293086 195.585870
-0.132997 0.504875 0.289583 194.757887
-0.129771 0.503364 0.290563 194.456503
-0.130840 0.504986 0.291690 194.525716
-0.128697 0.504110 0.295335 194.321400
-0.125947 0.507556 0.289155 193.936161
-0.120014 0.507195 0.291759 193.312659
-0.120010 0.507125 0.290175 193.314028
-0.117306 0.507103 0.289113 193.024921
-0.117853 0.507213 0.291754 193.080745
-0.117856 0.507283 0.293338 193.079405
-0.114070 0.507867 0.293881 192.658905
-0.108648 0.509408 0.291826 192.039771
-0.105929 0.510971 0.290833 191.712075
-0.099465 0.510178 0.295525 191.032083
-0.102172 0.509626 0.295508 191.336568
-0.100540 0.510053 0.292887 191.150977
-0.098394 0.509130 0.295476 190.938050
-0.092437 0.512032 0.300330 190.233356
-0.096219 0.510757 0.296069 190.668659
-0.090791 0.512182 0.291374 190.051977
-0.086995 0.513824 0.291963 189.609587
-0.084862 0.511913 0.296090 189.412580
-0.082703 0.511978 0.297141 189.176086
-0.079436 0.513384 0.292451 188.795633
-0.078337 0.516129 0.294676 188.630325
-0.074564 0.513886 0.290879 188.255951
-0.072401 0.514479 0.291953 188.010405
-0.071324 0.514558 0.293535 187.891552
-0.072947 0.515211 0.296730 188.058761
-0.068092 0.514794 0.298280 187.534805
-0.065370 0.515667 0.293568 187.224735
-0.061576 0.517331 0.294685 186.787740
-0.059950 0.517253 0.292569 186.611109
-0.061572 0.517883 0.295236 186.780194
-0.058887 0.516988 0.298352 186.498214
-0.057807 0.516400 0.296742 186.387278
-0.054575 0.515371 0.296689 186.044742
-0.052430 0.513850 0.297671 185.825893
-0.049143 0.517347 0.292545 185.426213
-0.045910 0.516318 0.292492 185.081233
-0.044828 0.517546 0.296232 184.950395
-0.040506 0.516365 0.292480 184.485356
-0.037250 0.518600 0.294677 184.108366
-0.038345 0.517626 0.296745 184.236625
-0.038354 0.517190 0.298834 184.241231
-0.035660 0.517973 0.304131 183.938300
-0.033472 0.519346 0.298916 183.687644
-0.028589 0.520238 0.294199 183.145414
-0.026977 0.519195 0.294149 182.974368
-0.023231 0.517460 0.301969 182.570543
-0.022660 0.518727 0.294645 182.501299
-0.025376 0.518980 0.300987 182.799310
-0.022120 0.519973 0.298914 182.435899
-0.016191 0.519083 0.301494 181.786570
-0.014023 0.517745 0.294579 181.551508
-0.017810 0.519023 0.300442 181.965277
-0.012398 0.519529 0.298869 181.367019
-0.009176 0.518708 0.303568 181.013437
-0.007574 0.515389 0.299730 180.841991
-0.004849 0.518056 0.299839 180.536287
-0.003759 0.517880 0.295613 180.415848
0.001119 0.519508 0.295671 179.876632
-0.000533 0.516990 0.298727 180.059091
0.000550 0.517574 0.299804 179.939131
0.001634 0.518135 0.300353 179.819302
0.003807 0.519165 0.299338 179.579823
0.009737 0.517010 0.297120 178.921014
0.010828 0.517455 0.295029 178.801274
0.013528 0.517502 0.295551 178.502544
0.015146 0.517585 0.297132 178.323868
0.011888 0.517236 0.301868 178.683354
0.016219 0.517733 0.300297 178.205650
0.019469 0.517623 0.297122 177.846019
0.021634 0.518193 0.297668 177.609386
0.023781 0.518489 0.303999 177.373940
0.024314 0.516770 0.300761 177.306195
0.024846 0.516315 0.302321 177.244917
0.028093 0.516872 0.302337 176.888899
0.035091 0.514980 0.305925 176.101884
0.034015 0.513637 0.299545 176.211176
0.037262 0.513573 0.297426 175.850196
0.037795 0.513095 0.298457 175.787114
0.042654 0.515092 0.306964 175.266273
0.040486 0.513326 0.303203 175.490376
0.043732 0.513285 0.301612 175.130124
0.049650 0.512603 0.308945 174.467659
0.049655 0.511890 0.304698 174.459455
0.052371 0.512257 0.300491 174.162589
0.059412 0.513858 0.299488 173.404728
0.061018 0.513551 0.304214 173.224118
0.061555 0.511762 0.299391 173.141377
0.062623 0.511405 0.303062 173.018751
0.064241 0.511465 0.304114 172.840980
0.070157 0.509587 0.308233 172.161116
0.070724 0.510946 0.303021 172.119380
0.074511 0.510887 0.300900 171.702135
0.074499 0.509876 0.301910 171.687209
0.072872 0.509977 0.304554 171.867905
0.077717 0.507905 0.304451 171.300432
0.078246 0.506876 0.304931 171.224537
0.082583 0.507878 0.302856 170.764267
0.082578 0.507373 0.303361 170.755872
0.085832 0.507791 0.300209 170.406011
0.086347 0.505797 0.302755 170.312133
0.089050 0.505797 0.302221 170.014884
0.089037 0.506051 0.308029 170.021244
0.093891 0.505037 0.307972 169.468415
0.094455 0.506442 0.303816 169.435315
0.099849 0.504811 0.301623 168.811562
0.100392 0.505391 0.302701 168.764869
0.102007 0.504899 0.303202 168.577997
0.101454 0.503907 0.304741 168.616548
0.102506 0.501366 0.306735 168.444878
0.105734 0.501671 0.313064 168.098295
0.107367 0.500833 0.305645 167.900208
0.107911 0.500769 0.304060 167.839207
0.114418 0.502870 0.302554 167.181698
0.113306 0.499758 0.304002 167.225802
0.113842 0.499832 0.305585 167.169124
0.115436 0.497273 0.307050 166.930890
0.119227 0.497144 0.303345 166.513768
0.125177 0.498322 0.304962 165.899203
0.126248 0.496677 0.303307 165.738328
0.127331 0.497261 0.304383 165.637227
0.124612 0.496319 0.307511 165.905921
0.124599 0.495331 0.309049 165.880352
0.131054 0.492239 0.309424 165.091359
0.136485 0.494859 0.307943 164.580857
0.140241 0.491077 0.305133 164.061842
0.144030 0.491592 0.304092 163.670087
0.144569 0.492241 0.306754 163.632679
0.145087 0.490201 0.308244 163.512547
0.148299 0.488346 0.313425 163.107729
0.150455 0.488457 0.315532 162.880015
0.153175 0.488134 0.307606 162.578262
0.156409 0.486461 0.304890 162.176099
0.158026 0.486567 0.306998 162.007416
0.158023 0.485992 0.305919 161.987755
0.156398 0.487290 0.311777 162.205661
0.160716 0.486201 0.310137 161.708488
0.165564 0.484060 0.308450 161.117682
0.166094 0.482409 0.306795 161.001398
0.165532 0.481578 0.312030 161.030730
0.168217 0.479441 0.310876 160.666015
0.169849 0.480490 0.310391 160.531928
0.172010 0.481129 0.312521 160.327324
0.175235 0.478399 0.309758 159.882479
0.176869 0.478780 0.306082 159.724938
0.181173 0.477324 0.308115 159.215229
0.181167 0.476819 0.308620 159.195700
0.180622 0.476907 0.310733 159.256458
0.183840 0.474936 0.313273 158.839418
0.186531 0.473305 0.311614 158.490418
0.192457 0.471840 0.313116 157.810081
0.194652 0.473696 0.306867 157.661155
0.193536 0.470033 0.307764 157.620571
0.194069 0.468934 0.306661 157.517666
0.192971 0.469892 0.316718 157.673501
0.198913 0.468127 0.311356 156.978801
0.201053 0.465457 0.310179 156.638181
0.204305 0.465921 0.308083 156.322730
0.201042 0.465665 0.314931 156.648610
0.204302 0.466588 0.311274 156.353123
0.205335 0.461956 0.313704 156.035353
0.210194 0.461447 0.313142 155.510174
0.216131 0.461016 0.314162 154.882092
0.216681 0.462078 0.314207 154.876810
0.219371 0.459228 0.308805 154.466345
0.217199 0.458796 0.311427 154.666567
0.216608 0.454195 0.314916 154.503274
0.218793 0.456857 0.315027 154.409795
0.221500 0.456788 0.312909 154.130924
0.227924 0.451813 0.318472 153.230625
0.228987 0.449064 0.315714 152.981996
0.232237 0.448333 0.310404 152.615798
0.237641 0.448380 0.310392 152.076485
0.238156 0.445765 0.310803 151.885999
0.240846 0.444777 0.311807 151.564517
0.240301 0.444865 0.313920 151.623571
0.239754 0.444378 0.314954 151.651958
0.242978 0.442890 0.316462 151.249941
0.247837 0.441162 0.312158 150.673467
0.252118 0.436442 0.311940 149.986437
0.251593 0.438000 0.311483 150.126411
0.249968 0.438055 0.313070 150.289576
0.253703 0.434044 0.317101 149.693277
0.255312 0.432450 0.316500 149.443057
0.261773 0.429242 0.314235 148.623154
0.257977 0.428842 0.317917 148.970328
0.263401 0.429739 0.313199 148.494517
0.265021 0.429776 0.313723 148.340002
0.266618 0.427147 0.313604 148.028261
0.265502 0.424726 0.318771 147.989925
0.271435 0.421904 0.313362 147.244528
0.276855 0.423490 0.312364 146.825534
0.277894 0.418720 0.311625 146.428693
0.276809 0.418802 0.313740 146.537159
0.280572 0.419205 0.322180 146.205749
0.278935 0.416409 0.318900 146.183556
0.281632 0.415283 0.316735 145.856113
0.287000 0.410458 0.313876 145.038057
0.291316 0.411232 0.318641 144.686266
0.290208 0.406809 0.314235 144.496869
0.289132 0.407949 0.316395 144.673122
0.292912 0.408028 0.317443 144.326527
0.294507 0.406067 0.320515 144.047854
0.293963 0.404889 0.317830 144.019117
0.295565 0.402789 0.317734 143.728905
0.300975 0.402100 0.312947 143.184835
0.300956 0.399986 0.312855 143.041538
0.300391 0.398603 0.317538 142.997971
0.301461 0.398199 0.320153 142.872058
0.303626 0.397528 0.316429 142.627909
0.306831 0.393328 0.316237 142.042559
0.310064 0.392299 0.316184 141.677975
0.311671 0.390106 0.313976 141.377288
0.314343 0.387602 0.316494 140.958146
0.318092 0.383958 0.316852 140.359822
0.317530 0.382506 0.319952 140.302918
0.318605 0.382010 0.320455 140.171168
0.321306 0.380815 0.316707 139.844615
0.324539 0.379786 0.316653 139.485128
0.327761 0.377102 0.314947 139.004249
0.327191 0.373949 0.315337 138.815333
0.328251 0.371891 0.316298 138.566640
0.332014 0.371051 0.320468 138.178013
0.330924 0.370606 0.322559 138.237443
0.331994 0.368339 0.318768 137.970769
0.333589 0.364538 0.315963 137.538360
0.337879 0.361496 0.317927 136.934130
0.333550 0.360953 0.318441 137.259588
0.339517 0.364269 0.320679 137.014209
0.338929 0.359622 0.323112 136.696831
0.341085 0.359113 0.323084 136.474809
0.343233 0.355683 0.316605 136.020509
0.344318 0.355600 0.314491 135.923424
0.346985 0.352591 0.317514 135.459095
0.348060 0.353957 0.324422 135.481343
0.345339 0.351199 0.322200 135.481993
0.346422 0.351162 0.321142 135.389289
0.349099 0.348566 0.321548 134.956174
0.358256 0.345497 0.321918 133.961352
0.354468 0.343096 0.316026 134.066026
0.354987 0.341654 0.319123 133.903513
0.357664 0.338436 0.317395 133.417763
0.359264 0.338866 0.326895 133.326437
0.359242 0.334338 0.319846 132.943567
0.362470 0.332159 0.317635 132.501417
0.363001 0.331107 0.317587 132.369098
0.362472 0.333976 0.322984 132.656943
0.362990 0.330694 0.320204 132.334327
0.362950 0.327132 0.323211 132.028781
0.368882 0.324954 0.320465 131.377380
0.369948 0.323378 0.320393 131.157246
0.372645 0.322873 0.320364 130.906789
0.372623 0.319586 0.317586 130.618547
0.373697 0.319734 0.320751 130.550206
0.374774 0.319813 0.322333 130.475720
0.373133 0.318328 0.324907 130.468278
0.374729 0.314481 0.321046 130.004088
0.373639 0.314035 0.323137 130.046289
0.376316 0.311439 0.323544 129.611127
0.378989 0.307072 0.319657 129.015808
0.384388 0.306591 0.319622 128.576135
0.383274 0.302260 0.317328 128.260256
0.383294 0.304973 0.319027 128.507924
0.382207 0.305079 0.321669 128.596924
0.381643 0.303052 0.323690 128.452069
0.384851 0.298806 0.322442 127.826467
0.391300 0.295829 0.325457 127.089892
0.389676 0.293377 0.317977 126.975156
0.393967 0.289715 0.317805 126.330016
0.390737 0.292537 0.322680 126.821512
0.391774 0.289676 0.329403 126.479035
0.390702 0.288884 0.323574 126.479116
0.395523 0.283548 0.321221 125.636520
0.392824 0.284697 0.323913 125.932495
0.398751 0.282611 0.323279 125.326802
0.397675 0.282510 0.321170 125.390126
0.394931 0.278350 0.323103 125.176461
0.394931 0.278971 0.325238 125.236614
0.400304 0.274030 0.319738 124.393775
0.400285 0.272537 0.321781 124.249238
0.405129 0.269867 0.320071 123.668632
0.404061 0.270845 0.318535 123.834279
0.402403 0.268442 0.324231 123.707191
0.402397 0.269179 0.329006 123.780097
0.402903 0.264265 0.325101 123.260914
0.405056 0.262606 0.322915 122.956141
0.405580 0.259829 0.319631 122.645081
0.406626 0.256161 0.319995 122.209602
0.405017 0.257779 0.321124 122.475341
0.408792 0.257951 0.324283 122.252204
0.408778 0.256986 0.326349 122.156281
0.408751 0.253791 0.325682 121.835930
0.408751 0.253791 0.325682 121.835930
0.415224 0.250974 0.320273 121.150047
0.414110 0.247265 0.320113 120.841359
0.413011 0.247004 0.326429 120.881831
0.415695 0.244890 0.325802 120.502769
0.415678 0.240890 0.318777 120.092782
0.417284 0.239939 0.320839 119.898973
0.420504 0.238543 0.324458 119.565355
0.417252 0.236239 0.320677 119.517653
0.418842 0.232507 0.319456 119.035487
0.420975 0.229976 0.321448 118.647442
0.421515 0.229382 0.319839 118.554421
0.420417 0.229075 0.325099 118.584926
0.423092 0.224663 0.320156 117.968365
0.423078 0.224319 0.324357 117.932834
0.424683 0.221552 0.321070 117.550466
0.426277 0.218992 0.322535 117.191020
0.426252 0.215751 0.320812 116.846663
0.424079 0.215343 0.323962 116.920965
0.424075 0.215412 0.325546 116.928602
0.429449 0.211713 0.324316 116.242717
0.429413 0.208059 0.325211 115.851085
0.429930 0.206042 0.327229 115.605837
0.429391 0.206014 0.326702 115.630855
0.432632 0.204823 0.322953 115.334543
0.431536 0.203872 0.325549 115.287661
0.432050 0.201901 0.328623 115.047151
0.433105 0.198072 0.325291 114.576061
0.434697 0.193696 0.321407 114.017217
0.435749 0.189936 0.319659 113.551674
0.436825 0.190038 0.321769 113.511186
0.433566 0.189091 0.324898 113.563499
0.437327 0.185814 0.321583 113.019965
0.437830 0.182833 0.325667 112.664820
0.437285 0.181678 0.323510 112.561353
0.438871 0.176797 0.320130 111.941762
0.439386 0.174205 0.321070 111.627017
0.438845 0.175442 0.325341 111.790597
0.439915 0.174417 0.325821 111.627310
0.441510 0.171835 0.326758 111.265873
0.440929 0.166429 0.323888 110.679052
0.442534 0.164283 0.322736 110.366532
0.439832 0.164259 0.322742 110.478596
0.446269 0.159651 0.324632 109.684451
0.445178 0.158607 0.325116 109.609904
0.442463 0.157596 0.326660 109.604838
0.445661 0.152293 0.325366 108.866476
0.446192 0.150619 0.323183 108.652926
0.448322 0.146294 0.320353 108.072266
0.447747 0.142612 0.320721 107.667248
0.447213 0.144355 0.324488 107.889475
0.449335 0.141410 0.329096 107.469319
0.448775 0.139935 0.331668 107.318343
0.448190 0.133357 0.326112 106.570148
0.449246 0.131989 0.330793 106.372804
0.451929 0.128035 0.324289 105.817831
0.451344 0.122699 0.323003 105.208394
0.451873 0.121071 0.321877 104.999098
0.452929 0.119703 0.326557 104.804012
0.450231 0.118989 0.322844 104.803947
0.456639 0.110612 0.322988 103.616495
0.453422 0.114422 0.326325 104.163003
0.456615 0.109211 0.327143 103.451009
0.453898 0.105762 0.321202 103.116332
0.453872 0.103165 0.322143 102.805755
0.450107 0.105891 0.324907 103.238470
0.454379 0.102575 0.332655 102.721101
0.452723 0.097044 0.327148 102.098610
0.453236 0.092635 0.322738 101.551415
0.452150 0.092718 0.324852 101.588491
0.455349 0.087392 0.323030 100.864246
0.454270 0.087957 0.324112 100.958168
0.454781 0.085434 0.326635 100.639485
0.453675 0.082828 0.327578 100.346665
0.452028 0.078355 0.322117 99.833977
0.453618 0.075244 0.323031 99.418159
0.456827 0.070974 0.321255 98.831068
0.457905 0.071030 0.322308 98.817389
0.453551 0.068488 0.325371 98.586999
0.453553 0.069086 0.326978 98.660807
0.452979 0.065381 0.326817 98.213113
0.454558 0.059396 0.322336 97.444556
0.455610 0.056257 0.322723 97.039097
0.456117 0.054425 0.328965 96.804504
0.450724 0.054791 0.326360 96.931011
0.456098 0.051069 0.324603 96.388742
0.455542 0.050123 0.327198 96.278893
0.454959 0.046005 0.329654 95.774046
0.456031 0.044313 0.326942 95.550065
0.456526 0.037767 0.321912 94.729156
0.455977 0.036682 0.321339 94.599397
0.458122 0.037645 0.330861 94.697611
0.453250 0.035304 0.326556 94.453828
0.455926 0.030868 0.321085 93.873250
0.454778 0.024103 0.323427 93.033787
0.458020 0.024752 0.325555 93.093318
0.457452 0.020334 0.321148 92.545157
0.452534 0.014524 0.321960 91.838232
0.458463 0.014255 0.326676 91.780882
0.452505 0.011375 0.322350 91.440045
0.453041 0.011473 0.324461 91.450612
0.455156 0.005562 0.321562 90.700074
0.453544 0.009709 0.332287 91.226386
0.453510 0.003549 0.324113 90.448338
0.454570 0.000869 0.322939 90.109555
0.449676 -0.002919 0.321732 89.628052
0.450770 -0.000059 0.326597 89.992478
0.451288 -0.003341 0.323818 89.575794
0.451799 -0.005243 0.328476 89.335122
0.450698 -0.007965 0.326779 88.987602
0.452819 -0.013347 0.323903 88.311696
0.453351 -0.014422 0.323328 88.177879
0.452245 -0.017672 0.321608 87.762192
0.446307 -0.015977 0.325386 87.949825
0.447894 -0.019639 0.325749 87.489281
0.448405 -0.022162 0.328272 87.170498
0.449454 -0.027118 0.323310 86.547274
0.449431 -0.030381 0.321059 86.132711
0.445074 -0.034096 0.321435 85.619298
0.446154 -0.032844 0.325703 85.789658
0.448828 -0.037234 0.321288 85.257667
0.443976 -0.034403 0.326695 85.569126
0.445002 -0.041380 0.323752 84.687415
0.446574 -0.045364 0.328844 84.199699
0.443341 -0.046818 0.320357 83.971701
0.441192 -0.043366 0.327364 84.386317
0.444963 -0.044965 0.326230 84.229708
0.444914 -0.048962 0.331326 83.719937
0.441124 -0.051340 0.325962 83.361493
0.440556 -0.055758 0.321554 82.786808
0.439482 -0.055285 0.320524 82.830067
0.445912 -0.059755 0.325581 82.367486
0.441090 -0.056259 0.322058 82.731442
0.438906 -0.057702 0.325689 82.510436
0.441049 -0.059797 0.325592 82.278941
0.439965 -0.060979 0.322908 82.109063
0.440484 -0.063664 0.321736 81.775944
0.439359 -0.069005 0.320451 81.074169
0.442601 -0.068977 0.320444 81.142075
0.438805 -0.070595 0.320383 80.860537
0.437713 -0.069776 0.327273 80.942694
0.434450 -0.073114 0.323973 80.447161
0.436593 -0.072749 0.331888 80.539827
0.438739 -0.074293 0.332342 80.389171
0.434396 -0.078882 0.324775 79.707812
0.434906 -0.083244 0.321421 79.164216
0.437588 -0.085933 0.319716 78.889717
0.433249 -0.087533 0.320184 78.577812
0.431109 -0.083621 0.325631 79.022815
0.434312 -0.087798 0.325967 78.571424
0.431576 -0.092119 0.324204 77.951106
0.433711 -0.095916 0.321397 77.529645
0.430469 -0.095323 0.323540 77.513872
0.428308 -0.095986 0.320881 77.368434
0.429905 -0.097971 0.323425 77.162140
0.427747 -0.096817 0.326116 77.246461
0.426631 -0.101101 0.324878 76.668233
0.427169 -0.102292 0.321663 76.533255
0.428763 -0.106093 0.318858 76.101864
0.427113 -0.108014 0.323521 75.807849
0.426589 -0.106479 0.322535 75.985013
0.425489 -0.107982 0.324580 75.759956
0.424939 -0.109044 0.324535 75.607880
0.427621 -0.109869 0.329235 75.590573
0.423801 -0.115994 0.322654 74.693121
0.424881 -0.116582 0.321044 74.656378
0.423242 -0.118733 0.320427 74.329428
0.421103 -0.115465 0.323211 74.666495
0.419970 -0.120668 0.325094 73.969307
0.417806 -0.121262 0.324020 73.815485
0.416701 -0.124512 0.322300 73.363693
0.416121 -0.128078 0.325307 72.892169
0.416103 -0.129594 0.326822 72.700946
0.416665 -0.128142 0.323722 72.905090
0.415054 -0.126501 0.325379 73.049672
0.414487 -0.129080 0.326849 72.702342
0.416632 -0.131221 0.325695 72.517791
0.409564 -0.137258 0.321761 71.472316
0.412772 -0.142149 0.317850 70.997531
0.412244 -0.139303 0.322719 71.329215
0.410060 -0.141366 0.324215 70.978597
0.410590 -0.143638 0.320426 70.718524
0.407866 -0.145706 0.321923 70.341238
0.407292 -0.150630 0.318020 69.703995
0.405107 -0.152670 0.320045 69.350376
0.404559 -0.153157 0.321079 69.264437
0.403434 -0.158498 0.319795 68.551460
0.401798 -0.160075 0.320257 68.277789
0.402315 -0.162713 0.320140 67.979477
0.399054 -0.164856 0.320055 67.553661
0.400690 -0.162037 0.323863 67.981812
0.402297 -0.163609 0.323790 67.869077
0.395774 -0.169112 0.319877 66.863193
0.397384 -0.170753 0.318221 66.747145
0.397424 -0.165329 0.321619 67.412611
0.397386 -0.168937 0.323570 66.968718
0.393038 -0.172192 0.322385 66.341538
0.395172 -0.175367 0.321714 66.069561
0.390801 -0.181289 0.319885 65.113920
0.390795 -0.182415 0.318255 64.977846
0.390254 -0.182397 0.318784 64.949596
0.388099 -0.180691 0.322026 65.034281
0.386998 -0.182171 0.324599 64.792365
0.389136 -0.183553 0.328749 64.747079
0.386412 -0.187484 0.323842 64.117722
0.385287 -0.194067 0.318287 63.265844
0.384743 -0.194623 0.317737 63.167304
0.386366 -0.192172 0.325218 63.555057
0.380936 -0.197276 0.318158 62.621633
0.380413 -0.193902 0.323050 62.991461
0.382004 -0.197634 0.321828 62.644744
0.380881 -0.202400 0.321623 62.013820
0.375481 -0.203137 0.317916 61.586358
0.374408 -0.200825 0.322763 61.791830
0.375459 -0.204584 0.321015 61.414446
0.374912 -0.204451 0.324184 61.395065
0.372714 -0.209342 0.321341 60.678447
0.369995 -0.211503 0.320726 60.246121
0.369437 -0.214266 0.317972 59.887168
0.368874 -0.216936 0.317330 59.540065
0.366181 -0.215879 0.317910 59.478788
0.365617 -0.217285 0.322066 59.277074
0.362348 -0.219910 0.323014 58.746357
0.361246 -0.223206 0.320238 58.288935
0.358502 -0.229229 0.315765 57.404851
0.355249 -0.230291 0.316254 57.046589
0.359028 -0.230810 0.315695 57.264101
0.351983 -0.232962 0.316146 56.501215
0.356308 -0.231108 0.321486 57.031861
0.348143 -0.238693 0.318541 55.564720
0.348662 -0.240136 0.321638 55.443440
0.348640 -0.242181 0.323130 55.214410
0.341594 -0.246794 0.315569 54.152768
0.338305 -0.252107 0.315345 53.306227
0.336679 -0.252650 0.315325 53.114767
0.337749 -0.253054 0.317940 53.158124
0.337236 -0.249243 0.320743 53.532739
0.334493 -0.253426 0.322148 52.850880
0.331758 -0.258391 0.317722 52.086614
0.327926 -0.263663 0.318556 51.199567
0.329040 -0.259954 0.318715 51.689901
0.325189 -0.268583 0.315186 50.445781
0.323032 -0.267452 0.317349 50.377236
0.324648 -0.266103 0.323727 50.659666
0.320320 -0.268509 0.317837 50.028455
0.319218 -0.272450 0.312397 49.519575
0.312695 -0.276090 0.314890 48.557473
0.317535 -0.278070 0.316899 48.790868
0.312671 -0.278733 0.314775 48.284361
0.312652 -0.279606 0.318952 48.193681
0.311568 -0.280167 0.318404 48.037667
0.305026 -0.285922 0.320804 46.851639
0.300148 -0.290010 0.312733 45.984119
0.299591 -0.292175 0.311586 45.717967
0.299040 -0.292593 0.314204 45.624312
0.301204 -0.290137 0.321684 46.072141
0.296860 -0.293484 0.318387 45.327580
0.293048 -0.297287 0.316649 44.588613
0.288158 -0.301144 0.313859 43.737565
0.288173 -0.298961 0.315535 43.947380
0.286512 -0.304399 0.312140 43.266174
0.283255 -0.304771 0.316348 42.904519
0.279450 -0.306849 0.317848 42.324463
0.276184 -0.310118 0.316132 41.687532
0.276170 -0.311703 0.316063 41.540992
0.271823 -0.315626 0.311687 40.735723
0.269113 -0.316729 0.311119 40.353344
0.265312 -0.318255 0.313170 39.816088
0.268547 -0.317468 0.318466 40.227966
0.264204 -0.320838 0.314641 39.470782
0.260934 -0.324659 0.312374 38.789424
0.255507 -0.327970 0.310136 37.920590
0.253864 -0.329431 0.313238 37.618384
0.248979 -0.332139 0.312606 36.856038
0.243558 -0.334944 0.309862 36.023093
0.241387 -0.336020 0.309821 35.692321
0.239232 -0.334936 0.310928 35.536826
0.238668 -0.336962 0.312948 35.309705
0.235953 -0.337974 0.314492 34.920499
0.234302 -0.341734 0.313278 34.435581
0.227257 -0.345128 0.309459 33.363815
0.225627 -0.346820 0.307282 33.046382
0.226175 -0.345114 0.309990 33.239384
0.225618 -0.344796 0.317383 33.198875
0.220204 -0.347118 0.313606 32.390121
0.219110 -0.348737 0.313012 32.141063
0.214757 -0.353141 0.309668 31.305205
0.213677 -0.353772 0.307536 31.131802
0.209888 -0.354931 0.305914 30.597927
0.206090 -0.355284 0.310651 30.116766
0.206086 -0.355215 0.312235 30.121181
0.203374 -0.356894 0.310588 29.676451
0.202798 -0.360552 0.311484 29.356303
0.197934 -0.361813 0.307752 28.681395
0.196846 -0.362926 0.306652 28.474860
0.196308 -0.362356 0.307733 28.446886
0.194133 -0.363339 0.309803 28.115659
0.191966 -0.363266 0.311920 27.854054
0.189793 -0.364916 0.310800 27.478980
0.183301 -0.366674 0.308105 26.560531
0.181662 -0.369446 0.305353 26.184031
0.183833 -0.367128 0.309664 26.598582
0.178962 -0.367653 0.310708 25.955422
0.176799 -0.367626 0.311769 25.683838
0.172987 -0.371428 0.310032 24.973017
0.171355 -0.373097 0.308382 24.668270
0.168650 -0.374293 0.305702 24.255499
0.165394 -0.375907 0.305640 23.748806
0.163755 -0.376195 0.311428 23.523074
0.161585 -0.377294 0.310859 23.184134
0.161043 -0.377897 0.309253 23.081623
0.156699 -0.380624 0.308091 22.376546
0.151280 -0.382233 0.308562 21.592698
0.149111 -0.384574 0.303722 21.192824
0.146958 -0.383513 0.304301 20.966271
0.144243 -0.385145 0.303710 20.531740
0.145858 -0.381911 0.317022 20.902635
0.135027 -0.388373 0.304120 19.171259
0.134490 -0.386584 0.308942 19.182478
0.134487 -0.386515 0.310526 19.185189
0.127987 -0.389376 0.306729 18.195616
0.125814 -0.391647 0.303474 17.809274
0.119875 -0.391791 0.301375 17.012335
0.120382 -0.393624 0.307617 17.005218
0.120931 -0.391918 0.310325 17.148179
0.116619 -0.391565 0.307190 16.585048
0.112279 -0.394361 0.304444 15.892242
0.111177 -0.395197 0.309680 15.712369
0.112266 -0.394728 0.308117 15.876457
0.102531 -0.397756 0.301159 14.454732
0.103612 -0.397125 0.303292 14.622782
0.100904 -0.396413 0.308073 14.280978
0.097666 -0.396510 0.306496 13.837242
0.094421 -0.398976 0.299019 13.314611
0.091691 -0.401550 0.301021 12.862581
0.088456 -0.401716 0.297861 12.418105
0.086296 -0.401137 0.299472 12.140881
0.085202 -0.401514 0.303148 11.980560
0.084657 -0.401426 0.305261 11.908622
0.079246 -0.402576 0.304171 11.136152
0.076539 -0.404347 0.300411 10.718664
0.072216 -0.405006 0.298286 10.110045
0.068959 -0.406619 0.298224 9.625332
0.070052 -0.403736 0.303617 9.843306
0.067342 -0.404840 0.303049 9.444188
0.061929 -0.405944 0.303015 8.673851
0.059220 -0.407692 0.299783 8.264774
0.059227 -0.405968 0.303021 8.300342
0.052191 -0.409523 0.295506 7.262750
0.052202 -0.407271 0.298766 7.304096
0.050566 -0.408226 0.301363 7.061077
0.048409 -0.407717 0.301391 6.771127
0.043529 -0.411161 0.295984 6.043360
0.040293 -0.410063 0.297621 5.611895
0.035951 -0.413457 0.293268 4.969561
0.033262 -0.411250 0.296006 4.624081
0.033251 -0.409801 0.305028 4.638842
0.032171 -0.409810 0.305031 4.488594
0.026234 -0.411242 0.297606 3.650076
0.018671 -0.411975 0.294432 2.594960
0.014883 -0.411892 0.297080 2.069351
0.006773 -0.412491 0.297075 0.940637
0.000821 -0.414865 0.292244 0.113320
0.000286 -0.413123 0.296010 0.039645
-0.005645 -0.412807 0.292350 359.216534
-0.003480 -0.410995 0.297167 359.514827
-0.012138 -0.412702 0.296061 358.315371
-0.013237 -0.412986 0.301848 358.164253
-0.020791 -0.413880 0.294978 357.124233
-0.026186 -0.414710 0.289159 356.386978
-0.025102 -0.414149 0.289707 356.531522
-0.028873 -0.411929 0.292976 355.990610
-0.031585 -0.412987 0.293464 355.626541
-0.034826 -0.412417 0.295078 355.173148
-0.038070 -0.413043 0.293478 354.734009
-0.040771 -0.414308 0.289214 354.379737
-0.046171 -0.414425 0.287642 353.642858
-0.047782 -0.412784 0.289299 353.397096
-0.048865 -0.412126 0.292493 353.238096
-0.053188 -0.413405 0.288232 352.668717
-0.055326 -0.409539 0.292622 352.306298
-0.061277 -0.412557 0.285128 351.551667
-0.064526 -0.413068 0.286168 351.121471
-0.066677 -0.410811 0.289961 350.780923
-0.065053 -0.409624 0.292644 350.976175
-0.071005 -0.410756 0.292083 350.192541
-0.076397 -0.410413 0.288950 349.455306
-0.080167 -0.410056 0.285814 348.937993
-0.079622 -0.408902 0.287971 348.981095
-0.080700 -0.408980 0.286389 348.837844
-0.087723 -0.409064 0.285876 347.896337
-0.087721 -0.407248 0.291226 347.844231
-0.088788 -0.404430 0.295568 347.617801
-0.096898 -0.407512 0.287022 346.624672
-0.100126 -0.407197 0.282828 346.185599
-0.104981 -0.406780 0.281278 345.529013
-0.101746 -0.404750 0.290844 345.889385
-0.106590 -0.403920 0.286677 345.217241
-0.110363 -0.403517 0.284597 344.703480
-0.114151 -0.403457 0.286717 344.202127
-0.120079 -0.402567 0.284137 343.391000
-0.122241 -0.403207 0.282006 343.134208
-0.124380 -0.401181 0.280520 342.774768
-0.123836 -0.400004 0.283205 342.798132
-0.128163 -0.399351 0.286933 342.207133
-0.137330 -0.399179 0.280641 341.015217
-0.140032 -0.398582 0.282782 340.642343
-0.138940 -0.396320 0.286040 340.680644
-0.148109 -0.396102 0.280803 339.498397
-0.151882 -0.395699 0.278723 339.001553
-0.155111 -0.394739 0.277192 338.547818
-0.154575 -0.394665 0.278775 338.611693
-0.157822 -0.393980 0.283029 338.169790
-0.157806 -0.392417 0.282570 338.093000
-0.164272 -0.390359 0.282677 337.177542
-0.169114 -0.388954 0.279589 336.501012
-0.165886 -0.388649 0.285918 336.885868
-0.175034 -0.387605 0.275448 335.697059
-0.173424 -0.388004 0.278061 335.917064
-0.176662 -0.386262 0.282362 335.422423
-0.180425 -0.384801 0.280327 334.879100
-0.183655 -0.384463 0.276661 334.466601
-0.186879 -0.382975 0.275154 333.989141
-0.190105 -0.381463 0.274174 333.510323
-0.190646 -0.380824 0.276839 333.406735
-0.192807 -0.380245 0.278451 333.112277
-0.192261 -0.379114 0.280080 333.108987
-0.198176 -0.377236 0.275961 332.285356
-0.200860 -0.373903 0.280330 331.755463
-0.206787 -0.374899 0.270816 331.119772
-0.207872 -0.374816 0.272930 330.987347
-0.207339 -0.374673 0.276097 331.040438
-0.214317 -0.370069 0.274208 329.923752
-0.219704 -0.369198 0.271099 329.243777
-0.215388 -0.368401 0.276392 329.686988
-0.219151 -0.365721 0.278100 329.068736
-0.222928 -0.365870 0.275468 328.645704
-0.225600 -0.362745 0.275085 328.121514
-0.229909 -0.361818 0.273029 327.567036
-0.233135 -0.361525 0.268307 327.183401
-0.237433 -0.358345 0.269511 326.472326
-0.240153 -0.359862 0.271560 326.282911
-0.241751 -0.356612 0.273814 325.866276
-0.242284 -0.355514 0.274917 325.725382
-0.241738 -0.353762 0.278681 325.653782
-0.249260 -0.351577 0.269838 324.664306
-0.255185 -0.350136 0.267808 323.914806
-0.260029 -0.348064 0.267911 323.237554
-0.258948 -0.346836 0.271651 323.254967
-0.262713 -0.344731 0.272280 322.689714
-0.267532 -0.340660 0.269835 321.856234
-0.272919 -0.340410 0.264591 321.279532
-0.271838 -0.338561 0.270465 321.238263
-0.278297 -0.336618 0.267932 320.417939
-0.280459 -0.336637 0.267937 320.201666
-0.281517 -0.332739 0.272853 319.766715
-0.285814 -0.331421 0.267652 319.225866
-0.287959 -0.330522 0.264535 318.936760
-0.291176 -0.327332 0.265737 318.345583
-0.293329 -0.325650 0.268451 317.989072
-0.296005 -0.322456 0.269651 317.448977
-0.298701 -0.321974 0.269152 317.147360
-0.301902 -0.319085 0.263490 316.584986
-0.306750 -0.316943 0.265177 315.936345
-0.308895 -0.316044 0.262060 315.655393
-0.309957 -0.313318 0.264290 315.308963
-0.314248 -0.310874 0.260719 314.690789
-0.308847 -0.307676 0.272439 314.891204
-0.317454 -0.305409 0.265709 313.892149
-0.321228 -0.305603 0.262022 313.572122
-0.322271 -0.302005 0.260074 313.140665
-0.321743 -0.301770 0.265353 313.165263
-0.324957 -0.298626 0.265498 312.582169
-0.328722 -0.296522 0.266127 312.051899
-0.329213 -0.291287 0.265303 311.502386
-0.332982 -0.290332 0.263774 311.085662
-0.334053 -0.289308 0.263294 310.894347
-0.340491 -0.285918 0.257662 310.020968
-0.342647 -0.284190 0.261432 309.672162
-0.341550 -0.282020 0.262578 309.546722
-0.344779 -0.280439 0.263183 309.124514
-0.346375 -0.278454 0.260639 308.796153
-0.351719 -0.272228 0.259344 307.739626
-0.354940 -0.270188 0.258388 307.279194
-0.356022 -0.270174 0.258918 307.193785
-0.358139 -0.266103 0.255939 306.613001
-0.357600 -0.264834 0.260736 306.523169
-0.362437 -0.261658 0.261942 305.827075
-0.366189 -0.259187 0.258898 305.290692
-0.368852 -0.255626 0.256425 304.723173
-0.367793 -0.256443 0.261657 304.886071
-0.374722 -0.247198 0.257336 303.412134
-0.379033 -0.246224 0.256336 303.008201
-0.379549 -0.243609 0.255924 302.693919
-0.379028 -0.244477 0.260101 302.822454
-0.380617 -0.240147 0.262929 302.249518
-0.383285 -0.237115 0.260434 301.742519
-0.386461 -0.230985 0.256494 300.866436
-0.386466 -0.230892 0.258606 300.856032
-0.390760 -0.228379 0.256619 300.304105
-0.392910 -0.226766 0.257749 299.991209
-0.393451 -0.226150 0.259886 299.889715
-0.393945 -0.221467 0.258511 299.343716
-0.398257 -0.220471 0.258038 298.968396
-0.401989 -0.215908 0.254559 298.240202
-0.404114 -0.212296 0.253141 297.714607
-0.405193 -0.212352 0.252088 297.657960
-0.403018 -0.207643 0.262827 297.258420
-0.404627 -0.206646 0.261821 297.053719
-0.410514 -0.202218 0.255706 296.224654
-0.413172 -0.197530 0.254864 295.551657
-0.411549 -0.196297 0.258603 295.499807
-0.416370 -0.193445 0.252416 294.919552
-0.414773 -0.194832 0.256567 295.160962
-0.416359 -0.190572 0.257811 294.594050
-0.415808 -0.188912 0.259464 294.433488
-0.421695 -0.183863 0.255484 293.557607
-0.421664 -0.180140 0.256173 293.132747
-0.424341 -0.178785 0.251497 292.846911
-0.424862 -0.176055 0.253725 292.508188
-0.425937 -0.174317 0.257493 292.257069
-0.424835 -0.171618 0.258662 291.996968
-0.426429 -0.169680 0.255062 291.698043
-0.430715 -0.166731 0.250986 291.161578
-0.432301 -0.161849 0.254366 290.525444
-0.433889 -0.159405 0.250261 290.172724
-0.434959 -0.156518 0.256186 289.791034
-0.433848 -0.153383 0.255267 289.470644
-0.434381 -0.151043 0.260640 289.173571
-0.438114 -0.147078 0.255553 288.557289
-0.440232 -0.143605 0.250968 288.066472
-0.443468 -0.143128 0.250470 287.887279
-0.441324 -0.144027 0.253587 288.074269
-0.443974 -0.136995 0.258117 287.148404
-0.444487 -0.134426 0.256650 286.826864
-0.446563 -0.124954 0.256542 285.632275
-0.448189 -0.125496 0.256523 285.642676
-0.450310 -0.120712 0.257792 285.006141
-0.451359 -0.117619 0.256349 284.605827
-0.449160 -0.112751 0.258664 284.091575
-0.451322 -0.114012 0.254398 284.177306
-0.455588 -0.108948 0.250415 283.449028
-0.455608 -0.110419 0.252985 283.623219
-0.453950 -0.103692 0.261707 282.866891
-0.456616 -0.101304 0.256548 282.508920
-0.458199 -0.098331 0.252467 282.112187
-0.461388 -0.091971 0.253807 281.273281
-0.461367 -0.089903 0.252843 281.026567
-0.463529 -0.090519 0.251241 281.049813
-0.459759 -0.090255 0.256513 281.106525
-0.460292 -0.089157 0.257616 280.962225
-0.462405 -0.083913 0.257324 280.285581
-0.465580 -0.077185 0.254991 279.413063
-0.466135 -0.079397 0.252788 279.666422
-0.465526 -0.072038 0.252054 278.796525
-0.465554 -0.074589 0.254051 279.102284
-0.464464 -0.072901 0.256229 278.920242
-0.466073 -0.071307 0.256830 278.698497
-0.466586 -0.068117 0.257498 278.305928
-0.466570 -0.065956 0.258646 278.046280
-0.470261 -0.058453 0.250025 277.085520
-0.469723 -0.057782 0.253215 277.012838
-0.471904 -0.058673 0.257398 277.087335
-0.470792 -0.054940 0.258085 276.656191
-0.473430 -0.050002 0.250930 276.028980
-0.472852 -0.045147 0.253249 275.454012
-0.472845 -0.044044 0.254351 275.321578
-0.473881 -0.039964 0.251370 274.820492
-0.471749 -0.040609 0.260295 274.920034
-0.471756 -0.041092 0.261328 274.978110
-0.473847 -0.034424 0.257409 274.155113
-0.475480 -0.036070 0.256287 274.338151
-0.472147 -0.026022 0.256191 273.154636
-0.476479 -0.027738 0.254019 273.331654
-0.477576 -0.028689 0.256615 273.437730
-0.476470 -0.026060 0.256200 273.130576
-0.473760 -0.023714 0.261039 272.865555
-0.477490 -0.019198 0.256503 272.302375
-0.475881 -0.019574 0.259644 272.355336
-0.475827 -0.012564 0.263112 271.512497
-0.479034 -0.010778 0.256348 271.288903
-0.479559 -0.009841 0.253755 271.175598
-0.479570 -0.010875 0.254237 271.299056
-0.476851 -0.006851 0.261257 270.823169
-0.477904 -0.004908 0.257656 270.588424
-0.478991 -0.005423 0.258163 270.648668
-0.478427 -0.002155 0.260412 270.258037
-0.477814 0.004491 0.255431 269.461544
-0.477830 0.002330 0.254283 269.720609
-0.479432 0.005028 0.255986 269.399128
-0.478889 0.006228 0.259199 269.254849
-0.480465 0.010304 0.256219 268.771389
-0.480990 0.011862 0.255762 268.587254
-0.481493 0.015465 0.253813 268.160349
-0.481485 0.016545 0.254387 268.031917
-0.482034 0.016081 0.255949 268.089245
-0.477712 0.018626 0.265008 267.767199
-0.483077 0.021542 0.260406 267.446648
-0.482498 0.025752 0.260062 266.944847
-0.481897 0.030789 0.254483 266.344312
-0.482425 0.032393 0.255082 266.158596
-0.483502 0.032935 0.255635 266.103167
-0.479709 0.034623 0.257280 265.871848
-0.482406 0.035749 0.259445 265.761826
-0.479155 0.038076 0.263754 265.456536
-0.480744 0.040543 0.260177 265.179415
-0.481247 0.043525 0.256093 264.832097
-0.482292 0.047169 0.255201 264.414092
-0.479618 0.047103 0.265203 264.390989
-0.482296 0.048481 0.261055 264.259890
-0.482796 0.050795 0.253779 263.993957
-0.480086 0.053762 0.260753 263.610422
-0.477879 0.059710 0.263642 262.877884
-0.484333 0.060916 0.256334 262.831339
-0.481644 0.059952 0.257866 262.904678
-0.480573 0.060146 0.262087 262.866235
-0.479454 0.065626 0.266540 262.206009
-0.483220 0.065891 0.261291 262.235188
-0.482069 0.072587 0.257365 261.437130
-0.482048 0.074655 0.256401 261.196555
-0.482602 0.073064 0.256333 261.391001
-0.481495 0.077510 0.261268 260.855100
-0.478788 0.078683 0.263420 260.667562
-0.479810 0.084970 0.262643 259.957544
-0.478701 0.088151 0.262780 259.566103
-0.478681 0.090863 0.264479 259.252024
-0.480279 0.092871 0.262463 259.055877
-0.478074 0.097623 0.262138 258.458776
-0.477553 0.096756 0.266315 258.546475
-0.479113 0.101152 0.258606 258.078548
-0.478028 0.102932 0.262897 257.848233
-0.478560 0.104629 0.265607 257.667361
-0.479062 0.108208 0.263130 257.271865
-0.478492 0.110740 0.260604 256.969094
-0.478995 0.114343 0.258655 256.573888
-0.476275 0.116504 0.259270 256.254497
-0.477866 0.120236 0.260491 255.876932
-0.476771 0.122452 0.262693 255.595702
-0.475149 0.123685 0.266432 255.409259
-0.475092 0.129384 0.264046 254.765825
-0.473998 0.130381 0.262505 254.620189
-0.473433 0.133005 0.262092 254.307901
-0.472888 0.134160 0.264249 254.161202
-0.474502 0.135249 0.265354 254.090679
-0.471240 0.139231 0.271317 253.539870
-0.471744 0.141615 0.265626 253.290501
-0.471149 0.146767 0.262687 252.697754
-0.472244 0.145793 0.264755 252.843324
-0.470028 0.152798 0.267691 251.991497
-0.471094 0.153133 0.263492 251.992854
-0.470557 0.153828 0.267210 251.897167
-0.469999 0.155970 0.267829 251.641535
-0.468873 0.160046 0.264316 251.153076
-0.467210 0.164219 0.262913 250.633999
-0.466635 0.168499 0.264152 250.145705
-0.466618 0.170038 0.263166 249.978009
-0.463912 0.172453 0.269588 249.608071
-0.462291 0.173709 0.273855 249.405971
-0.463319 0.178249 0.269313 248.957192
-0.461646 0.183456 0.267428 248.327348
-0.460524 0.187004 0.263891 247.899537
-0.459964 0.189720 0.265590 247.585403
-0.460499 0.189623 0.263479 247.619221
-0.458339 0.191528 0.270407 247.321214
-0.459916 0.196846 0.271698 246.828876
-0.456610 0.202457 0.266665 246.087877
-0.457159 0.201993 0.268227 246.161994
-0.451699 0.209625 0.272762 245.104878
-0.450540 0.217424 0.269938 244.238727
-0.449978 0.219474 0.268445 243.999480
-0.451048 0.220498 0.267966 243.947923
-0.448868 0.223252 0.270189 243.555715
-0.449400 0.224949 0.272899 243.409563
-0.447215 0.226990 0.270875 243.089353
-0.447728 0.230179 0.271542 242.792078
-0.443899 0.234877 0.269630 242.115660
-0.440091 0.238150 0.271344 241.580473
-0.441694 0.240251 0.271440 241.456898
-0.438432 0.242991 0.273132 241.003578
-0.438403 0.244920 0.269001 240.809455
-0.436207 0.250456 0.274507 240.136967
-0.436153 0.255603 0.271570 239.628008
-0.436655 0.259206 0.269621 239.305948
-0.432350 0.257727 0.271126 239.200546
-0.433446 0.256776 0.273722 239.357283
-0.429041 0.266374 0.275184 238.165592
-0.427388 0.270111 0.275870 237.706989
-0.425181 0.274817 0.274489 237.123244
-0.420819 0.280302 0.278406 236.332956
-0.420822 0.279727 0.277327 236.387338
-0.422398 0.283182 0.272213 236.161475
-0.418038 0.288069 0.274523 235.429311
-0.413155 0.292686 0.282617 234.685530
-0.413118 0.295075 0.276924 234.463153
-0.411454 0.298605 0.272858 234.030508
-0.409797 0.302870 0.273567 233.532861
-0.405983 0.306626 0.274249 232.937383
-0.407066 0.307284 0.277442 232.951757
-0.403230 0.312487 0.275025 232.225792
-0.401589 0.315213 0.276721 231.871142
-0.399412 0.317392 0.277864 231.527596
-0.397730 0.323059 0.274419 230.914560
-0.395024 0.323611 0.274436 230.675017
-0.395032 0.324393 0.280267 230.607769
-0.390100 0.331766 0.278995 229.619976
-0.387910 0.334957 0.279129 229.189706
-0.383017 0.338147 0.278729 228.560301
-0.380264 0.343364 0.276842 227.919142
-0.380824 0.341268 0.277279 228.135521
-0.377541 0.346697 0.280142 227.438618
-0.375332 0.352002 0.280368 226.837250
-0.369871 0.358368 0.280106 225.904939
-0.364432 0.362690 0.281334 225.137296
-0.359539 0.366478 0.282541 224.452342
-0.357884 0.369571 0.280564 224.079595
-0.353009 0.370625 0.279544 223.605534
-0.351362 0.373235 0.278599 223.270970
-0.347545 0.377543 0.279832 222.630909
-0.345901 0.380223 0.280472 222.293813
-0.343174 0.383464 0.281660 221.826333
-0.339928 0.385286 0.286474 221.421167
-0.339352 0.387702 0.281309 221.195366
-0.333371 0.391982 0.281480 220.380283
-0.331728 0.394065 0.280513 220.091079
-0.326855 0.397004 0.286426 219.464764
-0.327900 0.399406 0.281263 219.384929
-0.325742 0.400115 0.284978 219.149766
-0.322472 0.403315 0.285109 218.644215
-0.318685 0.404497 0.287259 218.232947
-0.316490 0.406974 0.283145 217.871017
-0.315410 0.408225 0.287413 217.690973
-0.313228 0.409714 0.284838 217.398043
-0.308347 0.413757 0.291853 216.694903
-0.307229 0.416132 0.285630 216.438342
-0.302864 0.420305 0.283693 215.775747
-0.301778 0.420843 0.283714 215.643524
-0.293067 0.428939 0.286153 214.342271
-0.294138 0.429987 0.286201 214.374551
-0.290912 0.428476 0.287181 214.174406
-0.287626 0.433238 0.286853 213.580169
-0.285992 0.434240 0.285312 213.369083
-0.280008 0.438474 0.284428 212.562207
-0.275660 0.441729 0.285613 211.966099
-0.274031 0.442225 0.284576 211.785031
-0.270232 0.444419 0.285716 211.302033
-0.268620 0.444594 0.289408 211.139968
-0.263727 0.447164 0.286873 210.531113
-0.258815 0.452469 0.286565 209.769869
-0.256643 0.453522 0.286079 209.505087
-0.250186 0.453488 0.296073 208.885230
-0.253388 0.455159 0.286669 209.104827
-0.249088 0.453151 0.288151 208.796673
-0.245262 0.457918 0.287822 208.173574
-0.237685 0.460237 0.291066 207.313667
-0.239823 0.461619 0.286916 207.453024
-0.230059 0.466553 0.289214 206.248045
-0.223011 0.468659 0.287707 205.447457
-0.220854 0.469368 0.291421 205.198594
-0.218651 0.472925 0.287882 204.812875
-0.213220 0.476787 0.290672 204.094305
-0.210541 0.475387 0.294292 203.887771
-0.207273 0.477391 0.291210 203.469458
-0.205103 0.477869 0.289644 203.229194
-0.198061 0.479446 0.288114 202.445662
-0.192100 0.482900 0.293519 201.692938
-0.192628 0.483262 0.289847 201.732151
-0.189371 0.484876 0.289909 201.333433
-0.184506 0.485493 0.290978 200.808677
-0.180706 0.489526 0.297995 200.261340
-0.176897 0.490293 0.290641 199.839384
-0.173103 0.491337 0.289623 199.407858
-0.172033 0.490312 0.290102 199.334108
-0.172041 0.489853 0.291663 199.351750
-0.162810 0.495885 0.295064 198.176155
-0.159557 0.496327 0.292440 197.821366
-0.155770 0.496888 0.292455 197.405742
-0.149256 0.500093 0.292051 196.618100
-0.145470 0.501298 0.294729 196.182040
-0.141127 0.503427 0.294284 195.659946
-0.137902 0.501916 0.295263 195.362957
-0.134112 0.503052 0.296357 194.927677
-0.129235 0.504680 0.296416 194.363232
-0.123798 0.507185 0.292295 193.717006
-0.118915 0.509318 0.291849 193.141874
-0.114609 0.508460 0.295489 192.702453
-0.111377 0.507431 0.295436 192.379591
-0.109182 0.510529 0.293457 192.071471
-0.104880 0.509120 0.296546 191.640296
-0.099457 0.510637 0.293964 191.021509
-0.092969 0.511245 0.294500 190.306491
-0.090809 0.511287 0.295024 190.071156
-0.091911 0.509830 0.298125 190.219330
-0.082164 0.512006 0.297668 189.116785
-0.076757 0.513846 0.302477 188.495864
-0.071891 0.511980 0.295005 187.993072
-0.064830 0.515671 0.293567 187.165572
-0.062674 0.515806 0.296202 186.927899
-0.057828 0.516171 0.303583 186.392303
-0.054027 0.517100 0.299925 185.964704
-0.044845 0.516628 0.299354 184.960979
-0.034599 0.515270 0.302429 183.841476
-0.031884 0.516281 0.300886 183.533931
-0.026453 0.519523 0.301540 182.914903
-0.020001 0.515235 0.298701 182.223006
-0.018375 0.515157 0.296586 182.042761
-0.010790 0.517935 0.298268 181.193410
-0.003234 0.516943 0.298205 180.358419
-0.000539 0.517105 0.301367 180.059742
0.006463 0.516363 0.307113 179.282900
0.008641 0.517301 0.303987 179.043011
0.019436 0.515165 0.301230 177.839425
0.024852 0.516200 0.299681 177.243638
0.033467 0.514392 0.304849 176.277460
0.034022 0.514740 0.300647 176.218498
0.037784 0.513924 0.305344 175.795092
0.045872 0.511857 0.304706 174.878856
0.053995 0.514065 0.305308 174.003842
0.059933 0.512392 0.302058 173.328632
0.057207 0.510968 0.306219 173.611855
0.065326 0.512026 0.304663 172.729329
0.068540 0.509504 0.306652 172.338437
0.073384 0.508053 0.308684 171.780943
0.078266 0.508967 0.304496 171.257838
0.082052 0.508931 0.302903 170.841292
0.086360 0.507406 0.303352 170.340855
0.089044 0.505913 0.304861 170.017775
0.090099 0.503947 0.307934 169.863366
0.092793 0.502890 0.307354 169.545439
0.094962 0.503368 0.305788 169.316479
0.103602 0.504179 0.310544 168.388110
0.106834 0.501311 0.304614 167.969686
0.109525 0.500300 0.305089 167.651658
0.113289 0.498219 0.304989 167.189434
0.112207 0.499474 0.309789 167.338694
0.118676 0.497968 0.310234 166.595275
0.123524 0.495827 0.308546 166.010800
0.130548 0.494669 0.304789 165.216155
0.128393 0.496996 0.310166 165.514960
0.136471 0.493895 0.310009 164.553703
0.136999 0.492889 0.311018 164.466627
0.142894 0.487080 0.309695 163.649950
0.148829 0.487316 0.313905 163.017095
0.150996 0.487220 0.311261 162.781075
0.157435 0.482588 0.312623 161.932137
0.166080 0.483905 0.316873 161.057354
0.167153 0.481592 0.312027 160.858937
0.172559 0.480972 0.308824 160.263458
0.172549 0.479938 0.309305 160.225348
0.176835 0.478208 0.317124 159.706300
0.180065 0.475362 0.311721 159.253508
0.182763 0.474236 0.309557 158.924182
0.188707 0.474288 0.309543 158.303693
0.194068 0.471441 0.315729 157.625568
0.193526 0.470217 0.311988 157.629496
0.195667 0.468168 0.312947 157.317936
0.196214 0.469276 0.314048 157.309177
0.202661 0.465104 0.313849 156.455672
0.206432 0.463505 0.312715 155.993175
0.210723 0.459820 0.312016 155.379271
0.213961 0.458698 0.309850 154.993205
0.213413 0.458832 0.313020 155.055797
0.217684 0.453676 0.314891 154.367241
0.220932 0.454210 0.314379 154.061231
0.226862 0.452676 0.314296 153.381873
0.227387 0.451739 0.316889 153.281147
0.228475 0.450989 0.311584 153.132780
0.233308 0.448527 0.314625 152.518132
0.235424 0.443858 0.315997 152.058383
0.237577 0.443417 0.317553 151.818224
0.244592 0.443042 0.319626 151.098057
0.246730 0.439176 0.315236 150.672627
0.248859 0.434874 0.312934 150.219441
0.254810 0.436029 0.314023 149.698528
0.257469 0.433159 0.320215 149.272769
0.256927 0.431958 0.317002 149.256015
0.261210 0.427813 0.317863 148.593052
0.268779 0.427189 0.314127 147.822740
0.273587 0.423326 0.321324 147.126194
0.273570 0.419326 0.314298 146.879385
0.272478 0.418927 0.317446 146.959283
0.278375 0.414314 0.319336 146.103104
0.281617 0.414963 0.321464 145.837007
0.285374 0.411157 0.318126 145.236481
0.291275 0.406452 0.317905 144.373492
0.295051 0.405381 0.316795 143.951535
0.299872 0.402529 0.322981 143.315051
0.306312 0.396633 0.319545 142.321809
0.305747 0.393387 0.317824 142.145116
0.311122 0.390263 0.317673 141.437754
0.316491 0.386656 0.318555 140.698580
0.320799 0.385729 0.320612 140.250723
0.316946 0.378389 0.322409 140.049772
0.321806 0.377258 0.319712 139.535415
0.326090 0.373712 0.322180 138.892970
0.333089 0.369934 0.318835 138.000083
0.334675 0.366294 0.319726 137.582754
0.338438 0.363615 0.318018 137.053902
0.337896 0.364255 0.320682 137.149853
0.339455 0.358041 0.323042 136.526434
0.343765 0.356470 0.322435 136.039483
0.348048 0.351705 0.321161 135.299402
0.353417 0.349317 0.325786 134.665656
0.353407 0.346420 0.319863 134.427956
0.364600 0.329697 0.321210 132.122109
0.361356 0.329692 0.321746 132.376477
0.365081 0.324026 0.324123 131.590480
0.369395 0.323006 0.324067 131.167108
0.370402 0.316375 0.329045 130.501946
0.375228 0.310326 0.322444 129.591866
0.377384 0.309219 0.320809 129.330285
0.383282 0.303962 0.320037 128.416124
0.384862 0.301679 0.327838 128.091600
0.384292 0.297284 0.323958 127.725138
0.388049 0.294721 0.324890 127.216419
0.389646 0.292115 0.325299 126.858682
0.396045 0.283278 0.327004 125.574887
0.396544 0.276663 0.320390 124.902943
0.398161 0.276746 0.321970 124.801663
0.401363 0.272592 0.322835 124.182999
0.401320 0.270342 0.331695 123.965498
0.403452 0.265350 0.325674 123.332857
0.406109 0.260041 0.324382 122.632405
0.409327 0.256829 0.322652 122.105897
0.406638 0.259035 0.325390 122.497828
0.412511 0.250537 0.322895 121.272261
0.411397 0.247472 0.325399 121.028652
0.412979 0.243902 0.327874 120.565739
0.417265 0.239067 0.325017 119.809991
0.422601 0.231139 0.323602 118.676192
0.422015 0.226447 0.324980 118.217324
0.423601 0.222807 0.325870 117.743637
0.424649 0.219117 0.325706 117.293509
0.425673 0.212162 0.323292 116.492404
0.431550 0.204837 0.323483 115.391559
0.434212 0.200678 0.324348 114.804808
0.433640 0.197572 0.325795 114.494579
0.434676 0.192249 0.324506 113.858917
0.435707 0.187640 0.327464 113.299428
0.438899 0.181210 0.324539 112.434453
0.440473 0.175938 0.324305 111.773279
0.440978 0.171669 0.323063 111.270465
0.439898 0.172280 0.325200 111.387126
0.443593 0.162845 0.325832 110.158399
0.443536 0.158986 0.334095 109.720251
0.444568 0.151272 0.326378 108.791773
0.446672 0.143729 0.322354 107.837049
0.448298 0.144272 0.322373 107.839301
0.450904 0.136231 0.330974 106.811069
0.448179 0.132323 0.326594 106.449011
0.448662 0.126629 0.328979 105.761023
0.448614 0.120746 0.327141 105.064303
0.451816 0.115970 0.325870 104.395691
0.452808 0.105937 0.325429 103.167857
0.452235 0.101612 0.323133 102.663357
0.451100 0.096455 0.326072 102.069365
0.454317 0.093243 0.324343 101.598153
0.453188 0.089213 0.328912 101.136593
0.453113 0.080135 0.326408 100.029261
0.452507 0.072730 0.326086 99.130890
0.455176 0.068433 0.323783 98.550010
0.458381 0.067314 0.333739 98.354259
0.454523 0.056984 0.327500 97.146001
0.453377 0.050173 0.328786 96.314939
0.454407 0.043747 0.326395 95.499116
0.455436 0.037322 0.324003 94.684745
0.455437 0.037298 0.323475 94.681847
0.452609 0.023602 0.324465 92.985026
0.455281 0.020500 0.325376 92.578121
0.454133 0.014356 0.329854 91.810579
0.452461 0.007883 0.326940 90.998173
0.451906 0.005695 0.325265 90.722029
0.453413 -0.006953 0.325235 89.121427
0.448432 -0.019589 0.326804 87.498777
0.447320 -0.023942 0.323981 86.936276
0.448309 -0.033929 0.324596 85.671976
0.443915 -0.041274 0.326394 84.688057
0.442790 -0.046615 0.325110 83.990250
0.441660 -0.051864 0.325937 83.302429
0.440544 -0.055527 0.326834 82.816177
0.440430 -0.066327 0.333213 81.435848
0.437148 -0.073021 0.325551 80.516878
0.435486 -0.078436 0.322684 79.789806
0.432764 -0.080551 0.323126 79.456120
0.432773 -0.078873 0.325307 79.671214
0.432162 -0.086806 0.324962 78.642465
0.433187 -0.091897 0.328952 78.022679
0.429351 -0.098963 0.324965 77.020307
0.428256 -0.099937 0.327033 76.864591
0.427662 -0.105710 0.327836 76.115843
0.422782 -0.108534 0.324563 75.602323
0.422734 -0.113796 0.324860 74.933630
0.419438 -0.118972 0.327805 74.164265
0.417782 -0.123260 0.326567 73.562081
0.411799 -0.128759 0.322654 72.636841
0.412812 -0.136725 0.321249 71.674972
0.408973 -0.143100 0.320980 70.714987
0.407335 -0.144033 0.324106 70.526519
0.406209 -0.149351 0.323349 69.813015
0.403967 -0.157734 0.325096 68.671184
0.398486 -0.166813 0.323660 67.284986
0.395191 -0.173253 0.321806 66.327175
0.393525 -0.178599 0.320523 65.589362
0.391907 -0.178038 0.321605 65.568271
0.385892 -0.185398 0.323407 64.338545
0.384209 -0.190420 0.329516 63.636267
0.379827 -0.199215 0.322292 62.323492
0.375475 -0.202401 0.322691 61.672968
0.376007 -0.204097 0.319980 61.506805
0.369952 -0.215018 0.324789 59.834664
0.365613 -0.217837 0.321515 59.212988
0.360710 -0.222061 0.322397 58.382575
0.359055 -0.226373 0.320632 57.769792
0.354658 -0.233649 0.324014 56.623037
0.347069 -0.238220 0.317510 55.535186
0.349204 -0.240775 0.318974 55.413819
0.344300 -0.245621 0.317721 54.496297
0.333919 -0.258372 0.317717 52.268861
0.329043 -0.260023 0.317131 51.682779
0.328484 -0.261521 0.319175 51.475080
0.325734 -0.265566 0.323748 50.810196
0.321931 -0.267690 0.324192 50.256087
0.314840 -0.276990 0.318007 48.659289
0.308856 -0.281845 0.316756 47.618122
0.306113 -0.285407 0.320297 47.004800
0.302299 -0.289784 0.317480 46.210889
0.297436 -0.289228 0.319098 45.801600
0.291986 -0.294561 0.318879 44.748472
0.287608 -0.300343 0.320219 43.759104
0.283244 -0.306403 0.315222 42.750796
0.281081 -0.306399 0.315755 42.532368
0.272908 -0.314444 0.314371 40.954914
0.268024 -0.315956 0.316952 40.307791
0.262584 -0.320255 0.316252 39.349107
0.258216 -0.325003 0.317109 38.467302
0.255502 -0.327877 0.312248 37.927894
0.243014 -0.334880 0.311447 35.967431
0.237046 -0.337574 0.311345 35.076701
0.233771 -0.341302 0.311191 34.408734
0.231605 -0.341229 0.313307 34.166209
0.229431 -0.342258 0.314322 33.835752
0.218024 -0.349251 0.313519 31.974903
0.209888 -0.353689 0.310184 30.685965
0.203386 -0.355883 0.309578 29.747845
0.203355 -0.359629 0.308361 29.486395
0.199043 -0.358011 0.310023 29.072675
0.191440 -0.361685 0.311991 27.892326
0.183303 -0.366099 0.309184 26.596783
0.175164 -0.370467 0.307433 25.305624
0.173543 -0.369263 0.311179 25.172259
0.164860 -0.374808 0.306743 23.742404
0.159432 -0.377475 0.307168 22.897454
0.154017 -0.377935 0.309796 22.172065
0.150735 -0.380904 0.314945 21.590212
0.148023 -0.383824 0.309028 21.089300
0.135589 -0.386300 0.303155 19.340749
0.130159 -0.389565 0.301972 18.475250
0.126367 -0.389413 0.306205 17.978621
0.122594 -0.389010 0.304124 17.491956
0.122587 -0.389492 0.305157 17.470661
0.107423 -0.393921 0.303422 15.253732
0.093878 -0.397692 0.304346 13.281969
0.087922 -0.400595 0.299492 12.378873
0.079253 -0.402094 0.303138 11.150150
0.073283 -0.405363 0.301956 10.247511
0.064649 -0.405048 0.298831 9.068440
0.058704 -0.405077 0.299372 8.245956
0.058695 -0.405513 0.301461 8.235894
0.050040 -0.406047 0.303041 7.025594
0.039211 -0.410049 0.298151 5.462314
0.032197 -0.410318 0.293415 4.486720
0.025713 -0.410374 0.293429 3.585267
0.024093 -0.409791 0.295040 3.364690
0.013272 -0.410872 0.296602 1.850164
0.007329 -0.410326 0.298222 1.023319
-0.001863 -0.411533 0.296612 359.740663
-0.007250 -0.410661 0.293502 358.988605
-0.015899 -0.411909 0.290835 357.789561
-0.024566 -0.414673 0.289683 356.609643
-0.028867 -0.412045 0.290336 355.992560
-0.034274 -0.412022 0.291932 355.244807
-0.038050 -0.410952 0.293043 354.710127
-0.047776 -0.411657 0.290929 353.379985
-0.054252 -0.411254 0.289383 352.484995
-0.058586 -0.412947 0.287739 351.925211
-0.062354 -0.410152 0.292087 351.355667
-0.063426 -0.409725 0.290000 351.200444
-0.070977 -0.408826 0.287951 350.151020
-0.077466 -0.408790 0.290078 349.269688
-0.083939 -0.407215 0.291217 348.352852
-0.094715 -0.406046 0.283919 346.869886
-0.095252 -0.405499 0.284471 346.780878
-0.104961 -0.403447 0.285113 345.417174
-0.109282 -0.401668 0.290472 344.779940
-0.120588 -0.398849 0.284828 343.177823
-0.126533 -0.398878 0.285369 342.399751
-0.134088 -0.399151 0.280633 341.431148
-0.142165 -0.395429 0.282925 340.225426
-0.150247 -0.393478 0.280923 339.100958
-0.155093 -0.391383 0.281555 338.383125
-0.161568 -0.391624 0.277345 337.581010
-0.166936 -0.387396 0.278598 336.687907
-0.175031 -0.387054 0.275999 335.666865
-0.180956 -0.384991 0.276104 334.825204
-0.183091 -0.382436 0.274641 334.417325
-0.198707 -0.376804 0.273873 332.195154
-0.201937 -0.375224 0.274478 331.711925
-0.205173 -0.374126 0.276115 331.259352
-0.209984 -0.369596 0.272110 330.397090
-0.212693 -0.368860 0.277419 330.031197
-0.219673 -0.365452 0.272316 328.989875
-0.228834 -0.363556 0.269261 327.812373
-0.234754 -0.360965 0.269390 326.961940
-0.234198 -0.356937 0.276942 326.729819
-0.244416 -0.353005 0.272398 325.301762
-0.252495 -0.349881 0.273082 324.183565
-0.258948 -0.346836 0.271651 323.254967
-0.267010 -0.342793 0.269214 322.084137
-0.269153 -0.341295 0.267704 321.739883
-0.280976 -0.334620 0.265919 319.980290
-0.285266 -0.330336 0.268225 319.187389
-0.291171 -0.325562 0.270030 318.191666
-0.297050 -0.320053 0.264489 317.134759
-0.298656 -0.319126 0.261899 316.897760
-0.311012 -0.311351 0.261217 315.031297
-0.315833 -0.305395 0.265706 314.037400
-0.322281 -0.303062 0.260028 313.239734
-0.326021 -0.297717 0.262379 312.401849
-0.329784 -0.294417 0.266222 311.757151
-0.336715 -0.283907 0.266699 310.136520
-0.346377 -0.279650 0.257425 308.915914
-0.351168 -0.271189 0.258861 307.677099
-0.353285 -0.266497 0.258018 307.028752
-0.360281 -0.260926 0.266184 305.913212
-0.367769 -0.254421 0.259637 304.675305
-0.375246 -0.245663 0.256350 303.211619
-0.382780 -0.242603 0.255450 302.366207
-0.382761 -0.239891 0.257149 302.077002
-0.392372 -0.227957 0.254534 300.155416
-0.395013 -0.221110 0.254840 299.238051
-0.400368 -0.214652 0.258825 298.197383
-0.403534 -0.206246 0.258674 297.071580
-0.404055 -0.204160 0.258240 296.806467
-0.416911 -0.193450 0.252417 294.891700
-0.424321 -0.174831 0.257466 292.392950
-0.432823 -0.160338 0.252852 290.326953
-0.435462 -0.153536 0.252102 289.421749
-0.440214 -0.139628 0.257465 287.598098
-0.442330 -0.136178 0.252352 287.111730
-0.448150 -0.122533 0.251909 285.292032
-0.451324 -0.115207 0.251184 284.319839
-0.455055 -0.109426 0.251446 283.521088
-0.454474 -0.105239 0.250574 283.037747
-0.455558 -0.104581 0.253767 282.929246
-0.461360 -0.088178 0.256081 280.820285
-0.461837 -0.081358 0.255326 279.990815
-0.468213 -0.070499 0.251601 278.562756
-0.468701 -0.065311 0.249721 277.932738
-0.469762 -0.063229 0.249288 277.665811
-0.470190 -0.048064 0.258384 275.836691
-0.472859 -0.045009 0.256417 275.437292
-0.474403 -0.035991 0.257869 274.338515
-0.474882 -0.029745 0.256035 273.584197
-0.475877 -0.020885 0.253790 272.512934
-0.475274 -0.014032 0.253561 271.691101
-0.478992 -0.006021 0.256556 270.720171
-0.479498 -0.002349 0.256191 270.280658
-0.481076 0.001750 0.253739 269.791546
-0.479938 0.009942 0.259891 268.813265
-0.480928 0.018710 0.255534 267.772039
-0.481420 0.024589 0.257373 267.076084
-0.479772 0.028419 0.260171 266.610123
-0.479238 0.029160 0.264945 266.518070
-0.480759 0.038980 0.260635 265.364533
-0.481779 0.045842 0.260938 264.564532
-0.481724 0.051587 0.259608 263.887543
-0.483283 0.057203 0.255642 263.249728
-0.482738 0.057736 0.255664 263.179766
-0.481576 0.067927 0.259268 261.971355
-0.481019 0.070092 0.260415 261.709490
-0.479360 0.074334 0.260596 261.185359
-0.478781 0.079165 0.262387 260.611225
-0.479803 0.084211 0.257340 260.045357
-0.480814 0.092153 0.258217 259.150280
-0.477016 0.094967 0.261492 258.740445
-0.479702 0.096506 0.261039 258.625112
-0.479659 0.100619 0.258584 258.152710
-0.477995 0.106632 0.263059 257.424255
-0.478496 0.111431 0.264324 256.890771
-0.478456 0.114992 0.261317 256.485844
-0.478988 0.115447 0.259758 256.448905
-0.475679 0.123473 0.261681 255.448793
-0.477272 0.126009 0.259688 255.210286
-0.473500 0.125629 0.262296 255.140675
-0.474002 0.129232 0.260347 254.749583
-0.475660 0.126208 0.263908 255.140009
-0.475076 0.130946 0.263587 254.590066
-0.473431 0.132361 0.259429 254.380131
-0.473994 0.130312 0.260921 254.627863
-0.474561 0.128952 0.266133 254.798086
-0.471864 0.128447 0.266104 254.772327
-0.475620 0.131011 0.265172 254.599623
-0.475606 0.131976 0.263106 254.491217
-0.471832 0.132170 0.266794 254.351296
-0.472908 0.131448 0.262549 254.466404
-0.472899 0.131286 0.258853 254.484324
-0.472931 0.129426 0.264569 254.694773
-0.472397 0.130167 0.269343 254.594700
-0.475637 0.128850 0.264024 254.842308
-0.476150 0.130798 0.260421 254.639717
-0.473986 0.130771 0.259360 254.576004
-0.473984 0.131967 0.262575 254.441713
-0.474555 0.129458 0.265628 254.741084
-0.473448 0.131443 0.262550 254.483806
-0.474012 0.129416 0.264571 254.729094
-0.473995 0.130956 0.263584 254.555551
-0.474506 0.133478 0.261061 254.288733
-0.473990 0.131461 0.263079 254.498617
-0.474545 0.129894 0.263539 254.691788
-0.475638 0.128253 0.262417 254.909454
-0.473465 0.130524 0.265672 254.587579
-0.474548 0.129940 0.264595 254.686674
-0.473436 0.132454 0.261541 254.369914
-0.473979 0.131874 0.260463 254.451926
-0.476162 0.129788 0.261431 254.753249
-0.475628 0.129931 0.264598 254.720894
-0.475645 0.128391 0.265585 254.894114
-0.475107 0.127821 0.264504 254.941874
-0.474007 0.129324 0.262459 254.739338
-0.474529 0.131433 0.262553 254.518501
-0.475613 0.131493 0.264139 254.545407
-0.476150 0.131419 0.262556 254.570269
-0.470769 0.130663 0.268306 254.487847
-0.473492 0.127951 0.267141 254.878244
-0.474024 0.128405 0.265581 254.843239
-0.474051 0.125832 0.267050 255.134249
-0.476188 0.127812 0.264507 254.975558
-0.475087 0.129912 0.264069 254.706356
-0.474546 0.129917 0.264067 254.689231
-0.472915 0.132207 0.267852 254.381252
-0.476157 0.129695 0.259319 254.763449
-0.476165 0.129857 0.263015 254.745600
-0.475635 0.129448 0.265631 254.775197
-0.471327 0.129763 0.271957 254.607000
-0.475621 0.130413 0.263565 254.666617
-0.474556 0.128860 0.264021 254.808326
-0.476704 0.129829 0.262488 254.765158
-0.471839 0.131688 0.267827 254.405846
-0.474027 0.127854 0.265030 254.905484
-0.472922 0.131104 0.266750 254.505525
-0.473980 0.132518 0.263126 254.379735
-0.472339 0.135865 0.266957 253.952443
-0.475571 0.135629 0.262212 254.082216
-0.474517 0.133065 0.263678 254.335295
-0.474564 0.127780 0.263447 254.930107
-0.474537 0.130353 0.261979 254.639958
-0.476148 0.132615 0.265770 254.436596
-0.472884 0.134090 0.262665 254.168856
-0.474494 0.135087 0.261658 254.108466
-0.475580 0.133951 0.260031 254.269642
-0.474525 0.131985 0.263104 254.456549
-0.475626 0.130505 0.265677 254.656416
-0.473999 0.131646 0.267304 254.478181
-0.472903 0.132597 0.264707 254.337062
-0.475039 0.135796 0.265907 254.046745
-0.475568 0.135583 0.261156 254.087286
-0.475597 0.133033 0.263152 254.372741
-0.477231 0.132031 0.264694 254.535332
-0.472916 0.133472 0.272650 254.239244
-0.473455 0.130960 0.263583 254.538239
-0.475612 0.130849 0.261476 254.617466
-0.475057 0.132440 0.261544 254.422232
-0.470742 0.133237 0.266838 254.196579
-0.476142 0.132500 0.263130 254.449304
-0.474515 0.132398 0.260487 254.409929
-0.476147 0.132592 0.265243 254.439137
-0.472352 0.134878 0.268494 254.063590
-0.473953 0.134471 0.259522 254.160182
-0.477762 0.130623 0.256729 254.708737
-0.479433 0.125990 0.259693 255.276160
-0.479414 0.126862 0.255515 255.178124
-0.479916 0.131684 0.257308 254.656241
-0.476121 0.132728 0.256290 254.423166
-0.475610 0.132666 0.266825 254.414158
-0.480483 0.129727 0.260913 254.890828
-0.479407 0.128587 0.258752 254.985509
-0.478869 0.127396 0.255537 255.102395
-0.480523 0.124924 0.259649 255.427175
-0.479411 0.128035 0.258201 255.047136
-0.477783 0.129152 0.259300 254.873523
-0.477777 0.130279 0.260930 254.747543
-0.475641 0.127701 0.261865 254.971526
-0.475083 0.129843 0.262485 254.714019
-0.479396 0.129000 0.256135 254.939135
-0.479420 0.126357 0.256020 255.234767
-0.480502 0.126992 0.258685 255.195813
-0.478868 0.128614 0.259279 254.966268
-0.478857 0.129649 0.258797 254.850609
-0.479963 0.126398 0.257077 255.246105
-0.477246 0.127985 0.256612 254.988014
-0.479419 0.126334 0.255492 255.237313
-0.482116 0.127460 0.257656 255.191179
-0.480520 0.125475 0.260200 255.365478
-0.478893 0.125995 0.259691 255.259744
-0.479959 0.128192 0.261898 255.045977
-0.479395 0.128977 0.255607 254.941673
-0.479979 0.125480 0.260199 255.349185
-0.479962 0.126375 0.256549 255.248647
-0.479460 0.125279 0.267566 255.356446
-0.478370 0.124483 0.261205 255.413785
-0.478897 0.125466 0.259668 255.319048
-0.479952 0.126812 0.254460 255.199685
-0.478860 0.129695 0.259853 254.845533
-0.478870 0.126798 0.253930 255.169250
-0.478911 0.123881 0.259599 255.497126
-0.480533 0.123866 0.259603 255.545574
-0.481584 0.126384 0.257080 255.295182
-0.479407 0.127966 0.256617 255.054757
-0.479407 0.127345 0.254482 255.124050
-0.479408 0.127368 0.255010 255.121508
-0.477249 0.126812 0.253926 255.119524
-0.478383 0.123495 0.262743 255.525036
-0.482149 0.124381 0.259629 255.534669
-0.478358 0.126736 0.264465 255.161024
-0.474601 0.126633 0.273410 255.060403
-0.472364 0.134488 0.271639 254.107719
-0.468013 0.137697 0.271768 253.605313
-0.466865 0.145083 0.271561 252.736882
-0.465774 0.145505 0.268942 252.651480
-0.465814 0.141944 0.271948 253.052852
-0.466894 0.142532 0.273558 253.023730
-0.465851 0.139555 0.277641 253.323337
-0.465839 0.139324 0.272361 253.348999
-0.464768 0.139518 0.276582 253.290797
-0.465250 0.143970 0.269927 252.805450
-0.465828 0.139737 0.269744 253.302012
-0.465357 0.133653 0.275274 253.975628
-0.466476 0.129415 0.275091 254.494271
-0.465336 0.133858 0.267905 253.951589
-0.469236 0.122474 0.273741 255.371694
-0.482803 0.110472 0.255334 257.111802
-0.479540 0.114431 0.260769 256.578688
-0.478444 0.117245 0.264578 256.230756
-0.477875 0.119179 0.260445 255.996458
-0.477839 0.121568 0.254752 255.726086
-0.476259 0.119906 0.264688 255.868495
-0.473011 0.119819 0.262041 255.785314
-0.474110 0.119535 0.267828 255.849178
-0.475149 0.123064 0.264296 255.479401
-0.474618 0.122633 0.266384 255.512673
-0.474623 0.123346 0.270631 255.432120
-0.469199 0.125484 0.270184 255.027066
-0.473522 0.124826 0.268058 255.232166
-0.472974 0.125910 0.268631 255.092999
-0.474581 0.126861 0.266569 255.034060
-0.475119 0.126810 0.265514 255.055973
-0.474067 0.123671 0.265901 255.378936
-0.472447 0.122467 0.262155 255.467775
-0.474025 0.126566 0.259704 255.050632
-0.476231 0.123078 0.264827 255.509456
-0.475698 0.119519 0.255711 255.896441
-0.475712 0.119152 0.259384 255.938388
-0.477920 0.113847 0.259158 256.601061
-0.478457 0.114394 0.259710 256.553575
-0.480650 0.111894 0.263295 256.895083
-0.481186 0.111176 0.259050 256.990298
-0.479573 0.110110 0.258472 257.068972
-0.480095 0.111622 0.256958 256.911303
-0.479551 0.111557 0.255373 256.904288
-0.482810 0.109990 0.256367 257.166393
-0.482261 0.109833 0.252670 257.170000
-0.485466 0.112791 0.248592 256.920188
-0.486005 0.112142 0.245930 257.006789
-0.485982 0.113566 0.242303 256.846912
-0.488682 0.112876 0.239118 256.993911
-0.488184 0.109365 0.243179 257.372805
-0.488755 0.106856 0.246233 257.667487
-0.489805 0.109972 0.245318 257.345669
-0.487631 0.110979 0.243775 257.178568
-0.489221 0.113469 0.240726 256.941816
-0.487058 0.113465 0.240193 256.886316
-0.488163 0.111433 0.242215 257.141359
-0.489765 0.112292 0.238041 257.086596
-0.491961 0.109838 0.242682 257.414231
-0.493604 0.106537 0.239907 257.820399
-0.494687 0.105953 0.238831 257.910944
-0.489827 0.106064 0.240404 257.782119
-0.491984 0.105953 0.238297 257.846450
-0.491939 0.111285 0.239584 257.253264
-0.491930 0.112342 0.239630 257.135948
-0.492468 0.111049 0.234305 257.292579
-0.488147 0.112375 0.239622 257.035955
-0.489280 0.108414 0.245775 257.506308
-0.488153 0.113111 0.244397 256.954063
-0.488721 0.110533 0.245866 257.255913
-0.486031 0.110167 0.249005 257.228791
-0.487105 0.111881 0.252245 257.064280
-0.488145 0.114813 0.247106 256.764499
-0.485444 0.115457 0.249235 256.621443
-0.484902 0.115439 0.248706 256.609095
-0.482770 0.112930 0.251226 256.834044
-0.483337 0.110352 0.252695 257.139114
-0.482259 0.111028 0.255884 257.034967
-0.484949 0.112016 0.254880 256.993671
-0.483846 0.112828 0.249116 256.873734
-0.484383 0.113996 0.251803 256.756818
-0.483844 0.114024 0.252330 256.739464
-0.482260 0.110430 0.254277 257.102466
-0.482274 0.108845 0.254208 257.281961
-0.483883 0.111060 0.256944 257.073395
-0.482275 0.109466 0.256343 257.211784
-0.482775 0.112401 0.251202 256.893656
-0.483315 0.111776 0.249069 256.978190
-0.483357 0.108261 0.253131 257.375451
-0.482772 0.112355 0.250146 256.898793
-0.482788 0.110793 0.250605 257.075239
-0.482790 0.109597 0.247391 257.210167
-0.485514 0.107529 0.248889 257.512063
-0.487155 0.106044 0.251463 257.719395
-0.487149 0.107171 0.253093 257.592829
-0.485516 0.106954 0.247810 257.576797
-0.486592 0.106852 0.245700 257.614847
-0.487121 0.107858 0.244691 257.515001
-0.487660 0.108451 0.246300 257.461954
-0.487687 0.105878 0.247768 257.751047
-0.488244 0.104334 0.248756 257.937780
-0.488791 0.103226 0.247655 258.075175
-0.492016 0.104093 0.244012 258.054398
-0.492553 0.104019 0.242430 258.075281
-0.491965 0.106205 0.231984 257.818011
-0.492502 0.106131 0.230401 257.839115
-0.490898 0.105870 0.236182 257.829630
-0.493581 0.106098 0.229876 257.868528
-0.493083 0.102588 0.233937 258.247074
-0.494655 0.106571 0.228845 257.841711
-0.495259 0.101604 0.236007 258.406424
-0.495758 0.103275 0.226069 258.232578
-0.497953 0.099579 0.226440 258.691316
-0.498025 0.092295 0.228757 259.500945
-0.496926 0.095039 0.230982 259.172643
-0.494732 0.097539 0.227396 258.846829
-0.494193 0.097567 0.227923 258.831865
-0.494751 0.095425 0.227304 259.083113
-0.493700 0.094770 0.236231 259.133751
-0.492072 0.095887 0.237330 258.973252
