0.054512 -0.560974 -0.018255
0.057649 -0.563471 -0.011991
0.056410 -0.565428 -0.014731
0.057643 -0.566680 -0.011141
0.058248 -0.564712 -0.007460
0.055120 -0.563508 -0.015576
0.055129 -0.568019 -0.015650
0.054709 -0.566279 -0.032005
0.053319 -0.564275 -0.025580
0.052739 -0.563035 -0.030112
0.053248 -0.566140 -0.020146
0.057098 -0.564835 -0.018368
0.052634 -0.566160 -0.021964
0.051411 -0.566857 -0.027416
0.053940 -0.567456 -0.023814
0.051445 -0.565597 -0.030128
0.052073 -0.565587 -0.029211
0.052714 -0.563014 -0.028280
0.054610 -0.566195 -0.024735
0.052073 -0.565587 -0.029211
0.055787 -0.564822 -0.017441
0.055238 -0.566822 -0.023828
0.053937 -0.565528 -0.023782
0.051420 -0.565576 -0.028297
0.052636 -0.567433 -0.021985
0.053362 -0.566871 -0.028356
0.055261 -0.565552 -0.025639
0.054557 -0.564862 -0.021051
0.055174 -0.565478 -0.019270
0.056435 -0.565449 -0.016562
0.052671 -0.566192 -0.024698
0.052693 -0.564921 -0.026481
0.052109 -0.564983 -0.031934
0.053261 -0.566151 -0.021047
0.052696 -0.566213 -0.026502
0.052708 -0.566223 -0.027431
0.054597 -0.566185 -0.023806
0.056448 -0.565460 -0.017464
0.055202 -0.567427 -0.021106
0.054642 -0.563644 -0.027426
0.053927 -0.566809 -0.022901
0.050821 -0.566898 -0.031039
0.052717 -0.564306 -0.028301
0.051457 -0.564971 -0.031020
0.050133 -0.564947 -0.029164
0.053357 -0.564307 -0.028314
0.057702 -0.565441 -0.015657
0.054515 -0.568675 -0.017479
0.051418 -0.564303 -0.028276
0.052733 -0.566244 -0.029235
0.051444 -0.564961 -0.030118
0.052758 -0.566265 -0.031066
0.053987 -0.565570 -0.027445
0.050772 -0.567492 -0.027414
0.055176 -0.566770 -0.019291
0.056485 -0.565491 -0.020197
0.054582 -0.564883 -0.022883
0.055271 -0.564290 -0.026520
0.058434 -0.564233 -0.021116
0.059812 -0.563664 -0.028427
0.063754 -0.565016 -0.033088
0.068916 -0.563723 -0.032237
0.079134 -0.561721 -0.024205
0.081050 -0.562995 -0.022460
0.088179 -0.563656 -0.023509
0.093973 -0.564938 -0.021811
0.097902 -0.559214 -0.026356
0.104978 -0.557905 -0.023739
0.112704 -0.555971 -0.022026
0.116033 -0.555435 -0.030277
0.126372 -0.554153 -0.029553
0.137815 -0.552745 -0.016091
0.143702 -0.550236 -0.021627
0.140624 -0.549730 -0.033389
0.151487 -0.546427 -0.024447
0.160535 -0.547110 -0.025534
0.162577 -0.542697 -0.033697
0.167123 -0.540789 -0.034682
0.174752 -0.540062 -0.025693
0.181270 -0.539491 -0.030371
0.187041 -0.535615 -0.027687
0.192804 -0.533657 -0.024132
0.201856 -0.532382 -0.024286
0.196841 -0.532509 -0.036021
0.214747 -0.527905 -0.023532
0.218122 -0.521598 -0.034422
0.226561 -0.518456 -0.038194
0.234968 -0.514616 -0.038294
0.243200 -0.513840 -0.026582
0.259354 -0.502981 -0.028547
0.268414 -0.499789 -0.029571
0.274884 -0.494039 -0.031432
0.284583 -0.490212 -0.032458
0.286543 -0.488309 -0.034295
0.316987 -0.469173 -0.041863
0.329083 -0.461985 -0.030122
0.335544 -0.460714 -0.029324
0.347201 -0.447283 -0.032963
0.352347 -0.441510 -0.032968
0.366514 -0.434420 -0.029492
0.370558 -0.430082 -0.042257
0.369292 -0.428184 -0.044934
0.386699 -0.412783 -0.044089
0.400805 -0.403098 -0.037837
0.407270 -0.397963 -0.037878
0.412408 -0.387697 -0.037809
0.414444 -0.386493 -0.045123
0.427411 -0.373075 -0.049689
0.434501 -0.359594 -0.049606
0.442834 -0.353148 -0.046028
0.446120 -0.346132 -0.050539
0.458285 -0.335806 -0.044212
0.465402 -0.323618 -0.045981
0.469365 -0.315998 -0.053227
0.474488 -0.305085 -0.052219
0.481478 -0.297929 -0.044041
0.493759 -0.283198 -0.046769
0.496303 -0.274823 -0.043950
0.496312 -0.266497 -0.045644
0.502187 -0.258204 -0.051086
0.502281 -0.255088 -0.058332
0.514569 -0.237802 -0.061920
0.520208 -0.222900 -0.050858
0.526003 -0.211981 -0.050791
0.532296 -0.204811 -0.039867
0.530467 -0.203610 -0.048009
0.532543 -0.184482 -0.060495
0.534471 -0.172929 -0.061246
0.542106 -0.161928 -0.053919
0.540292 -0.155620 -0.063807
0.544680 -0.143321 -0.054594
0.549251 -0.132461 -0.059969
0.551162 -0.124743 -0.058951
0.551283 -0.116511 -0.068845
0.552423 -0.111240 -0.057853
0.552474 -0.099099 -0.063121
0.560771 -0.086829 -0.057616
0.562011 -0.082298 -0.053933
0.562042 -0.066291 -0.058207
0.564492 -0.051425 -0.050745
0.561382 -0.039978 -0.061427
0.562182 -0.035613 -0.072299
0.564004 -0.027165 -0.064902
0.562164 -0.020200 -0.072949
0.565179 -0.005272 -0.060005
0.563916 -0.000799 -0.061738
0.559411 0.008171 -0.065139
0.561393 0.011981 -0.068776
0.561419 0.024143 -0.072212
0.560130 0.035066 -0.072910
0.561321 0.042202 -0.067353
0.560628 0.050582 -0.064471
0.560664 0.051187 -0.067194
0.560011 0.064673 -0.067890
0.557484 0.072971 -0.074072
0.554262 0.081315 -0.074776
0.554128 0.092341 -0.066397
0.554121 0.096196 -0.066334
0.550235 0.107105 -0.067011
0.547682 0.115425 -0.071361
0.552096 0.121294 -0.063154
0.549640 0.125029 -0.073974
0.547096 0.132703 -0.077461
0.543105 0.146280 -0.070770
0.540346 0.156061 -0.058728
0.537224 0.160454 -0.067694
0.539256 0.163586 -0.074976
0.532863 0.169319 -0.080224
0.537937 0.173864 -0.074783
0.530775 0.188696 -0.071672
0.525511 0.195189 -0.066000
0.523712 0.193785 -0.076015
0.524260 0.209260 -0.071211
0.518535 0.213043 -0.078334
0.513387 0.221399 -0.079901
0.512059 0.229760 -0.078838
0.511298 0.234347 -0.070553
0.511274 0.247206 -0.070342
0.504173 0.252347 -0.071952
0.500966 0.255522 -0.074571
0.499056 0.260005 -0.077193
0.499051 0.262569 -0.077151
0.484197 0.283137 -0.079262
0.483469 0.292820 -0.075429
0.481309 0.298130 -0.059838
0.470469 0.312802 -0.071220
0.465243 0.318627 -0.068292
0.460771 0.327586 -0.072623
0.451184 0.330075 -0.080593
0.450530 0.333921 -0.081420
0.441427 0.349393 -0.078260
0.431660 0.361658 -0.074239
0.428357 0.369418 -0.070388
0.421924 0.376474 -0.072881
0.415556 0.378956 -0.080914
0.409084 0.387336 -0.080653
0.399307 0.397682 -0.075761
0.387017 0.406709 -0.075377
0.389018 0.406653 -0.079952
0.374008 0.420908 -0.071235
0.371395 0.426081 -0.069297
0.360565 0.431739 -0.081727
0.352168 0.438801 -0.082379
0.348166 0.445342 -0.074000
0.331823 0.457703 -0.062556
0.320952 0.462777 -0.070460
0.315804 0.467247 -0.073020
0.307541 0.469712 -0.082820
0.306278 0.470339 -0.085517
0.290043 0.481990 -0.080480
0.277015 0.492989 -0.074586
0.269221 0.493691 -0.071692
0.258232 0.498194 -0.072309
0.256998 0.500083 -0.075888
0.242813 0.508405 -0.080042
0.231832 0.512282 -0.079767
0.219496 0.515557 -0.076744
0.218738 0.518872 -0.068480
0.202569 0.528543 -0.068011
0.191652 0.527846 -0.073276
0.183339 0.530372 -0.079440
0.175579 0.532951 -0.079249
0.167725 0.538823 -0.072637
0.156061 0.542086 -0.070529
0.148304 0.543373 -0.070358
0.142421 0.545365 -0.065677
0.122414 0.550509 -0.068842
0.118624 0.549807 -0.075146
0.110895 0.549145 -0.076839
0.103205 0.554245 -0.082071
0.095934 0.554406 -0.069170
0.084988 0.556313 -0.072590
0.079116 0.558930 -0.068773
0.070724 0.557674 -0.068632
0.067536 0.557638 -0.072232
0.067600 0.556294 -0.076790
0.052676 0.558292 -0.072837
0.044942 0.560214 -0.074487
0.034550 0.564768 -0.070552
0.026161 0.561584 -0.070443
0.027476 0.562186 -0.073190
0.016522 0.565406 -0.074757
0.008810 0.562170 -0.077393
-0.001596 0.563524 -0.073538
-0.003505 0.560923 -0.075346
-0.014734 0.564374 -0.056879
-0.026168 0.564864 -0.071212
-0.031954 0.561654 -0.072984
-0.035890 0.559786 -0.068376
-0.046360 0.562465 -0.059935
-0.057869 0.562383 -0.068812
-0.065042 0.563751 -0.063188
-0.072170 0.557346 -0.061352
-0.076602 0.558573 -0.067612
-0.077853 0.559170 -0.071212
-0.086852 0.556581 -0.074742
-0.093968 0.554052 -0.072816
-0.103140 0.556728 -0.064400
-0.108338 0.554831 -0.062500
-0.108324 0.554184 -0.063440
-0.117973 0.550316 -0.066049
-0.126908 0.543821 -0.072349
-0.136595 0.546412 -0.073021
-0.148284 0.543268 -0.068313
-0.156141 0.544658 -0.060844
-0.169804 0.540257 -0.053359
-0.182600 0.534393 -0.062333
-0.190263 0.531771 -0.068594
-0.200075 0.528675 -0.059358
-0.207863 0.526157 -0.056517
-0.227160 0.517784 -0.061746
-0.234307 0.514610 -0.058928
-0.240230 0.512151 -0.050658
-0.253094 0.506361 -0.053237
-0.259579 0.504456 -0.052214
-0.265259 0.498579 -0.061326
-0.269339 0.493617 -0.045838
-0.277550 0.488994 -0.058513
-0.292423 0.483250 -0.057392
-0.304747 0.478178 -0.052702
-0.309464 0.471946 -0.037223
-0.316954 0.469812 -0.056237
-0.325305 0.462711 -0.059826
-0.336252 0.455647 -0.060659
-0.342880 0.450668 -0.048756
-0.355137 0.442324 -0.048656
-0.358336 0.441663 -0.051337
-0.371265 0.430788 -0.048534
-0.375812 0.423761 -0.046758
-0.384071 0.417234 -0.055803
-0.395039 0.404415 -0.055800
-0.399038 0.403236 -0.046645
-0.413296 0.388539 -0.041146
-0.419701 0.381464 -0.043870
-0.424839 0.374378 -0.045690
-0.433194 0.366661 -0.047485
-0.436372 0.361478 -0.051142
-0.448065 0.347443 -0.044781
-0.457135 0.336561 -0.042051
-0.465547 0.325696 -0.039335
-0.467432 0.323730 -0.042964
-0.472549 0.312142 -0.045786
-0.480259 0.301840 -0.047636
-0.487345 0.290297 -0.046787
-0.496474 0.277559 -0.039524
-0.497733 0.276238 -0.042253
-0.506215 0.257080 -0.033305
-0.511351 0.248722 -0.035145
-0.514412 0.238318 -0.045282
-0.517769 0.228800 -0.035347
-0.523021 0.223100 -0.028973
-0.530003 0.202499 -0.034638
-0.534583 0.192921 -0.030144
-0.536530 0.184578 -0.028439
-0.546124 0.158220 -0.032318
-0.549255 0.151724 -0.037827
-0.549259 0.140833 -0.036174
-0.553726 0.124096 -0.039093
-0.555135 0.120358 -0.029128
-0.559676 0.103683 -0.026580
-0.556476 0.097299 -0.023085
-0.561440 0.083657 -0.036872
-0.560764 0.075308 -0.037021
-0.562032 0.072069 -0.038880
-0.562193 0.052322 -0.024637
-0.566653 0.042004 -0.027452
-0.566639 0.028520 -0.026743
-0.567913 0.022092 -0.027752
-0.564682 0.018877 -0.026938
-0.565825 0.009124 -0.037101
-0.567103 -0.001785 -0.037254
-0.567767 -0.014601 -0.033817
-0.564480 -0.014649 -0.037515
-0.569123 -0.030584 -0.027658
-0.567083 -0.037737 -0.034207
-0.566359 -0.045492 -0.037981
-0.563749 -0.055147 -0.039090
-0.562084 -0.061329 -0.018296
-0.561900 -0.079462 -0.029523
-0.561923 -0.086486 -0.026905
-0.559284 -0.092317 -0.030685
-0.557961 -0.098113 -0.031706
-0.557293 -0.100063 -0.033581
-0.554663 -0.116147 -0.033894
-0.554752 -0.121847 -0.026691
-0.552911 -0.128812 -0.018644
-0.553467 -0.130823 -0.025960
-0.552698 -0.129646 -0.034152
-0.551377 -0.138017 -0.036144
-0.545060 -0.139821 -0.024438
-0.546929 -0.150135 -0.028231
-0.546836 -0.147019 -0.035449
-0.545094 -0.154556 -0.020143
-0.540574 -0.155837 -0.020251
-0.543589 -0.161793 -0.035753
-0.541616 -0.166329 -0.037695
-0.541084 -0.171343 -0.027761
-0.535997 -0.180282 -0.021639
-0.531931 -0.193922 -0.033769
-0.532577 -0.197129 -0.032907
-0.526930 -0.205967 -0.019500
-0.526195 -0.216326 -0.025147
-0.522133 -0.221609 -0.038070
-0.518919 -0.228659 -0.035514
-0.518415 -0.235610 -0.024709
-0.509928 -0.247235 -0.028696
-0.506717 -0.256204 -0.027073
-0.505456 -0.262604 -0.023568
-0.498318 -0.267757 -0.024691
-0.496985 -0.269729 -0.028410
-0.492347 -0.283296 -0.034185
-0.485278 -0.294835 -0.030848
-0.478883 -0.304403 -0.023860
-0.476316 -0.311462 -0.022194
-0.475651 -0.311485 -0.024037
-0.466461 -0.323800 -0.032611
-0.459297 -0.336058 -0.034752
-0.451551 -0.344400 -0.033234
-0.447048 -0.349535 -0.031574
-0.440027 -0.358438 -0.023658
-0.430348 -0.369992 -0.021301
-0.423866 -0.377091 -0.022443
-0.416616 -0.382357 -0.031793
-0.412208 -0.389972 -0.022877
-0.401731 -0.399737 -0.032363
-0.389592 -0.410525 -0.020014
-0.382462 -0.421480 -0.021231
-0.375273 -0.427330 -0.026027
-0.372608 -0.427409 -0.032445
-0.353990 -0.443368 -0.021234
-0.344781 -0.452504 -0.031587
-0.332613 -0.462698 -0.022862
-0.321667 -0.470379 -0.018663
-0.319690 -0.471070 -0.021444
-0.295054 -0.485937 -0.026696
-0.281406 -0.493091 -0.031638
-0.266533 -0.500821 -0.031149
-0.251738 -0.506560 -0.025134
-0.245446 -0.511573 -0.012606
-0.229796 -0.519419 -0.022132
-0.216248 -0.526470 -0.019776
-0.205122 -0.531107 -0.029163
-0.174142 -0.542027 -0.025402
-0.163084 -0.546622 -0.031154
-0.149636 -0.547179 -0.022297
-0.140490 -0.549835 -0.028909
-0.136083 -0.550404 -0.020807
-0.119293 -0.559389 -0.018545
-0.108325 -0.559389 -0.016926
-0.104321 -0.560793 -0.026123
-0.096625 -0.562048 -0.021757
-0.088153 -0.563399 -0.027406
-0.071426 -0.565942 -0.021376
-0.061728 -0.567888 -0.021595
-0.052723 -0.565301 -0.019923
-0.045479 -0.567348 -0.029193
-0.030587 -0.565470 -0.031279
-0.016347 -0.567446 -0.033389
-0.002160 -0.567453 -0.031859
0.012574 -0.568021 -0.022125
0.012645 -0.566156 -0.027560
0.033220 -0.566102 -0.019759
0.044333 -0.566875 -0.030012
0.052156 -0.563733 -0.035576
0.066349 -0.563093 -0.033106
0.069492 -0.563036 -0.027702
0.089472 -0.560458 -0.023482
0.099213 -0.559227 -0.027283
0.108914 -0.556037 -0.028347
0.123702 -0.555377 -0.024058
0.127652 -0.554155 -0.029578
0.145164 -0.548468 -0.035287
0.156710 -0.548417 -0.029142
0.168233 -0.543228 -0.021985
0.173545 -0.542062 -0.032095
0.178780 -0.540196 -0.036700
0.187815 -0.533804 -0.037699
0.201927 -0.530518 -0.029721
0.210366 -0.527356 -0.033465
0.209785 -0.525480 -0.037986
0.225210 -0.520318 -0.032735
0.233037 -0.518468 -0.038319
0.237569 -0.513350 -0.040126
0.244001 -0.507569 -0.039254
0.250340 -0.507466 -0.029348
0.262663 -0.501122 -0.034044
0.275642 -0.493488 -0.038732
0.275717 -0.493551 -0.044198
0.286432 -0.488851 -0.026106
0.287222 -0.485767 -0.036097
0.286025 -0.487121 -0.043363
0.286652 -0.486476 -0.042463
0.293663 -0.484478 -0.035271
0.295019 -0.481313 -0.039808
0.298830 -0.479340 -0.035287
0.302709 -0.480003 -0.035372
0.303333 -0.478066 -0.034451
0.302779 -0.477483 -0.040796
0.312489 -0.473030 -0.042741
0.316958 -0.467224 -0.040001
0.322685 -0.465870 -0.033723
0.331019 -0.460060 -0.030128
0.331178 -0.458925 -0.041969
0.336356 -0.453161 -0.042877
0.343498 -0.447423 -0.045653
0.351131 -0.442196 -0.037518
0.353831 -0.441014 -0.046649
0.365324 -0.432584 -0.037635
0.371758 -0.427439 -0.036773
0.378827 -0.422929 -0.034104
0.381621 -0.418631 -0.050479
0.387292 -0.414015 -0.040487
0.391914 -0.407052 -0.047757
0.403948 -0.399175 -0.031468
0.407326 -0.394796 -0.042390
0.408618 -0.388399 -0.044113
0.409995 -0.389757 -0.049626
0.422903 -0.377559 -0.049676
0.428084 -0.370544 -0.052393
0.433161 -0.364041 -0.046019
0.439587 -0.355060 -0.045095
0.442194 -0.353147 -0.046015
0.449944 -0.344169 -0.046920
0.457131 -0.333346 -0.055078
0.465549 -0.322472 -0.056893
0.466809 -0.318608 -0.055952
0.475665 -0.306256 -0.043163
0.486039 -0.294761 -0.047738
0.486743 -0.285830 -0.052141
0.493869 -0.275591 -0.055772
0.509981 -0.246068 -0.055601
0.515196 -0.237138 -0.061020
0.521595 -0.223613 -0.057262
0.521626 -0.220444 -0.059942
0.525368 -0.208134 -0.051618
0.535653 -0.189520 -0.050611
0.537663 -0.181230 -0.056880
0.538324 -0.172915 -0.059489
0.542107 -0.162584 -0.053929
0.545446 -0.150473 -0.062921
0.549873 -0.136297 -0.058213
0.552373 -0.124036 -0.052597
0.554997 -0.115090 -0.057064
0.554503 -0.113287 -0.067953
0.557690 -0.097234 -0.067753
0.560155 -0.086213 -0.059425
0.560863 -0.070239 -0.066445
0.565289 -0.055408 -0.061753
0.564007 -0.054114 -0.061708
0.565183 -0.032857 -0.056821
0.560870 -0.022762 -0.072966
0.564100 -0.012503 -0.073762
0.560808 -0.003462 -0.070820
0.564542 0.006275 -0.061635
0.568453 0.021002 -0.066033
0.560693 0.029991 -0.066638
0.561379 0.038304 -0.071079
0.564536 0.047990 -0.066419
0.560747 0.053697 -0.073547
0.561330 0.069776 -0.071466
0.558689 0.082671 -0.068473
0.556738 0.095504 -0.069128
0.555420 0.098737 -0.068148
0.550983 0.108937 -0.075191
0.548411 0.117925 -0.076798
0.543225 0.129491 -0.077439
0.547604 0.143072 -0.069106
0.546309 0.144377 -0.068131
0.540509 0.161697 -0.071397
0.539261 0.167431 -0.075815
0.538535 0.173279 -0.070242
0.531551 0.182806 -0.080880
0.529509 0.191231 -0.074338
0.525559 0.202848 -0.070439
0.520403 0.217603 -0.073733
0.519130 0.220795 -0.074558
0.514513 0.229860 -0.069786
0.510671 0.231127 -0.072423
0.513992 0.232976 -0.078823
0.510145 0.236152 -0.081429
0.510730 0.238776 -0.077764
0.510643 0.245259 -0.072192
0.506134 0.247185 -0.072976
0.506122 0.247195 -0.072074
0.503581 0.247169 -0.074757
0.503683 0.245793 -0.082049
0.501723 0.250319 -0.081036
0.502279 0.254873 -0.075508
0.502846 0.260071 -0.070872
0.497759 0.262582 -0.076197
0.498933 0.265883 -0.068899
0.492640 0.271533 -0.081417
0.489428 0.277291 -0.083993
0.482880 0.286351 -0.078255
0.485416 0.288960 -0.075530
0.477619 0.303753 -0.074237
0.470500 0.309561 -0.073104
0.467969 0.313359 -0.078457
0.464154 0.319743 -0.083744
0.462129 0.325593 -0.078145
0.453056 0.338461 -0.076832
0.445265 0.344280 -0.074784
0.445846 0.348833 -0.071060
0.438836 0.352608 -0.079060
0.438312 0.350587 -0.087278
0.428543 0.363487 -0.083247
0.423305 0.369322 -0.079417
0.420658 0.379009 -0.075547
0.412269 0.382234 -0.076262
0.411604 0.385455 -0.076197
0.405121 0.392534 -0.075028
0.401387 0.395635 -0.085833
0.392309 0.401447 -0.084662
0.390987 0.404045 -0.081863
0.382315 0.415192 -0.064220
0.372781 0.422139 -0.076655
0.367645 0.424056 -0.078355
0.364471 0.429783 -0.083665
0.346968 0.444605 -0.081256
0.340554 0.448431 -0.084731
0.330157 0.451702 -0.081745
0.333285 0.456928 -0.074426
0.315830 0.466590 -0.074834
0.309417 0.469761 -0.078320
0.304295 0.473574 -0.082694
0.297799 0.474910 -0.079816
0.291923 0.480111 -0.075984
0.281603 0.488436 -0.079283
0.272473 0.493019 -0.072667
0.267817 0.496342 -0.064328
0.262836 0.495569 -0.077003
0.263527 0.494870 -0.080661
0.246723 0.504521 -0.082011
0.241433 0.509147 -0.072709
0.229131 0.514299 -0.072388
0.223324 0.515591 -0.073184
0.221449 0.514907 -0.077694
0.214981 0.520703 -0.077475
0.208617 0.524487 -0.084585
0.199515 0.523891 -0.080786
0.195018 0.525807 -0.082472
0.184516 0.532381 -0.072163
0.176783 0.533648 -0.073797
0.170369 0.537474 -0.077272
0.167196 0.536155 -0.081767
0.159943 0.540151 -0.070635
0.146422 0.545908 -0.074843
0.137968 0.547228 -0.071927
0.131521 0.548522 -0.072683
0.126381 0.549137 -0.075306
0.127131 0.547134 -0.081746
0.113582 0.548431 -0.083268
0.103853 0.553618 -0.081193
0.094044 0.555003 -0.072785
0.086784 0.558988 -0.062554
0.084934 0.558283 -0.068896
0.077886 0.555680 -0.073365
0.069564 0.556269 -0.078659
0.065593 0.559570 -0.072163
0.059261 0.559477 -0.081140
0.050079 0.561527 -0.071833
0.039031 0.564155 -0.067916
0.024924 0.561534 -0.074982
0.020998 0.560928 -0.071283
0.009322 0.564202 -0.068273
0.008619 0.564255 -0.063696
-0.000893 0.560271 -0.076336
-0.008003 0.564130 -0.077038
-0.013858 0.564809 -0.074182
-0.021826 0.565003 -0.058535
-0.028826 0.563650 -0.066619
-0.032654 0.563615 -0.070206
-0.039204 0.566901 -0.063634
-0.036580 0.563009 -0.066480
-0.046865 0.563642 -0.069932
-0.054053 0.562427 -0.064350
-0.058586 0.563738 -0.063312
-0.057118 0.560380 -0.075252
-0.065615 0.564315 -0.069561
-0.072005 0.562347 -0.074005
-0.079732 0.560413 -0.075718
-0.086967 0.557967 -0.066521
-0.087744 0.558084 -0.056478
-0.101228 0.558037 -0.062585
-0.105052 0.556074 -0.066204
-0.110807 0.556033 -0.070629
-0.116633 0.554763 -0.069636
-0.119883 0.554780 -0.068672
-0.136096 0.548454 -0.062999
-0.146467 0.548506 -0.060066
-0.151102 0.547943 -0.052692
-0.161971 0.545316 -0.059820
-0.161203 0.543282 -0.068965
-0.177330 0.537519 -0.069650
-0.184629 0.535762 -0.055879
-0.198810 0.533205 -0.057478
-0.200608 0.531165 -0.067503
-0.210354 0.526089 -0.062836
-0.218789 0.523562 -0.060884
-0.227714 0.518348 -0.068092
-0.237498 0.513303 -0.060691
-0.240185 0.514673 -0.054251
-0.253756 0.507635 -0.053203
-0.262717 0.501816 -0.057661
-0.269148 0.497941 -0.060332
-0.274930 0.492803 -0.062135
-0.300123 0.480639 -0.060947
-0.307845 0.476142 -0.062675
-0.317593 0.472357 -0.058014
-0.322780 0.468542 -0.055244
-0.336408 0.458992 -0.049674
-0.342205 0.455137 -0.050526
-0.349238 0.451232 -0.055919
-0.351212 0.443566 -0.052372
-0.352568 0.441057 -0.047825
-0.371190 0.430725 -0.054000
-0.379653 0.423737 -0.049416
-0.384851 0.419278 -0.045728
-0.390594 0.413453 -0.050275
-0.391136 0.410796 -0.058504
-0.402819 0.398022 -0.053023
-0.410595 0.389721 -0.050277
-0.419679 0.382716 -0.045653
-0.422844 0.377541 -0.050239
-0.430024 0.372470 -0.044720
-0.437037 0.361500 -0.049326
-0.442149 0.353757 -0.052988
-0.451212 0.345448 -0.051118
-0.453193 0.341638 -0.047508
-0.466837 0.327616 -0.040180
-0.474016 0.319347 -0.032910
-0.476428 0.312785 -0.045701
-0.480893 0.305051 -0.048473
-0.485470 0.297411 -0.043046
-0.490720 0.284010 -0.035896
-0.501645 0.274349 -0.039477
-0.508132 0.264764 -0.035875
-0.511355 0.257059 -0.035938
-0.509290 0.256314 -0.045088
-0.516949 0.238925 -0.049786
-0.521510 0.229347 -0.045292
-0.527348 0.214613 -0.041786
-0.530001 0.208272 -0.035446
-0.530140 0.202615 -0.024607
-0.536340 0.188922 -0.042934
-0.538285 0.179307 -0.041223
-0.542130 0.169009 -0.042245
-0.542205 0.162663 -0.035954
-0.550636 0.149236 -0.031476
-0.551924 0.137046 -0.030721
-0.554435 0.115167 -0.032860
-0.555117 0.111355 -0.029275
-0.560864 0.094639 -0.032169
-0.558916 0.090124 -0.032280
-0.562026 0.075279 -0.039729
-0.563978 0.069519 -0.037983
-0.566609 0.058020 -0.032655
-0.566670 0.044599 -0.026480
-0.567907 0.038120 -0.030223
-0.564599 0.027796 -0.034088
-0.567876 0.022060 -0.030485
-0.568357 0.011015 -0.040655
-0.568371 -0.001157 -0.038121
-0.567150 -0.009444 -0.032816
-0.568488 -0.017746 -0.027461
-0.567716 -0.015279 -0.037462
-0.566354 -0.035237 -0.039644
-0.566998 -0.042948 -0.039758
-0.565075 -0.053832 -0.037240
-0.565195 -0.062719 -0.027356
-0.564553 -0.066555 -0.025601
-0.563217 -0.082638 -0.027719
-0.562486 -0.087840 -0.032380
-0.558520 -0.094985 -0.038037
-0.557396 -0.098051 -0.026252
-0.556089 -0.108339 -0.025543
-0.558621 -0.119922 -0.027514
-0.554784 -0.124379 -0.023999
-0.551596 -0.128210 -0.021391
-0.553471 -0.135324 -0.025132
-0.550056 -0.136749 -0.037952
-0.548793 -0.143785 -0.034457
-0.545697 -0.151387 -0.024615
-0.548890 -0.157812 -0.025587
-0.544857 -0.154755 -0.037444
-0.543641 -0.160478 -0.032097
-0.539717 -0.165009 -0.034978
-0.542276 -0.168870 -0.035893
-0.539735 -0.175253 -0.032413
-0.539168 -0.179026 -0.025191
-0.537833 -0.188064 -0.028096
-0.537819 -0.188711 -0.029035
-0.532521 -0.193962 -0.037419
-0.530581 -0.201031 -0.036643
-0.526703 -0.213857 -0.035123
-0.522822 -0.222221 -0.034405
-0.520914 -0.231822 -0.030965
-0.519698 -0.233679 -0.024653
-0.513231 -0.245885 -0.024048
-0.511207 -0.251099 -0.029636
-0.507256 -0.256943 -0.034370
-0.503318 -0.262776 -0.038174
-0.501410 -0.265948 -0.035530
-0.493062 -0.280052 -0.030457
-0.491181 -0.288977 -0.025175
-0.487318 -0.294111 -0.023530
-0.480288 -0.301116 -0.016485
-0.481341 -0.300032 -0.034669
-0.476154 -0.311599 -0.034029
-0.470989 -0.318663 -0.032440
-0.462756 -0.324952 -0.019943
-0.465804 -0.326395 -0.033567
-0.458814 -0.338486 -0.022971
-0.453546 -0.341134 -0.029481
-0.445875 -0.348777 -0.022486
-0.443197 -0.355294 -0.029010
-0.441989 -0.359705 -0.021810
-0.432908 -0.370674 -0.023994
-0.422670 -0.375081 -0.015166
-0.421790 -0.383619 -0.031714
-0.414628 -0.388176 -0.034658
-0.412094 -0.391339 -0.031097
-0.398610 -0.403494 -0.023359
-0.389548 -0.413776 -0.022800
-0.383729 -0.421489 -0.022136
-0.377904 -0.425992 -0.022321
-0.376475 -0.426120 -0.033279
-0.362891 -0.438995 -0.032821
-0.353870 -0.447318 -0.029497
-0.343570 -0.455663 -0.026198
-0.336387 -0.458293 -0.030914
-0.325523 -0.469120 -0.020372
-0.316440 -0.474297 -0.023363
-0.308599 -0.480159 -0.029073
-0.298885 -0.484044 -0.030252
-0.289389 -0.490959 -0.015057
-0.275071 -0.497470 -0.020903
-0.265409 -0.506450 -0.017602
-0.246552 -0.514928 -0.026299
-0.234345 -0.522579 -0.019364
-0.223966 -0.526486 -0.022360
-0.214818 -0.529797 -0.028955
-0.201893 -0.536242 -0.029309
-0.194241 -0.540673 -0.021333
-0.171593 -0.545856 -0.022782
-0.158051 -0.549707 -0.020373
-0.146452 -0.551625 -0.017896
-0.136658 -0.551728 -0.025353
-0.132085 -0.554998 -0.029155
-0.109446 -0.561462 -0.029696
-0.095380 -0.563291 -0.019069
-0.084366 -0.567834 -0.020257
-0.072077 -0.563368 -0.022251
-0.072669 -0.562772 -0.025863
-0.050131 -0.568515 -0.019096
-0.044140 -0.568674 -0.031972
-0.028679 -0.568662 -0.028636
-0.015741 -0.569344 -0.030699
-0.006170 -0.569913 -0.021795
0.011942 -0.571876 -0.022176
0.022398 -0.570709 -0.031456
0.032763 -0.567541 -0.034336
0.041067 -0.568118 -0.026309
0.060453 -0.567500 -0.026672
0.073995 -0.564941 -0.025088
0.082413 -0.563686 -0.027032
0.092795 -0.563112 -0.030884
0.099794 -0.560468 -0.022779
0.112882 -0.558046 -0.034821
0.128362 -0.554854 -0.033237
0.143817 -0.552259 -0.029858
0.154726 -0.550955 -0.025485
0.154161 -0.551017 -0.030939
0.167154 -0.544029 -0.036539
0.173577 -0.539529 -0.034786
0.183278 -0.536975 -0.035833
0.193607 -0.534430 -0.035990
0.197408 -0.533083 -0.030577
0.210295 -0.529221 -0.028030
0.221217 -0.524698 -0.023604
0.221426 -0.523584 -0.039081
0.227800 -0.519678 -0.033676
0.247909 -0.510161 -0.041202
0.253069 -0.508233 -0.040341
0.263297 -0.504969 -0.033217
0.265173 -0.504264 -0.028680
0.273649 -0.497924 -0.034203
0.275658 -0.495426 -0.039665
0.278268 -0.492243 -0.042396
0.282145 -0.492251 -0.042470
0.287896 -0.490281 -0.037987
0.291719 -0.487683 -0.034384
0.293654 -0.485759 -0.034390
0.292320 -0.486997 -0.031653
0.294318 -0.485781 -0.036234
0.290502 -0.485170 -0.040685
0.295076 -0.485211 -0.043506
0.302723 -0.480650 -0.036312
0.310324 -0.477975 -0.025487
0.304658 -0.478726 -0.036318
0.313684 -0.474251 -0.036419
0.317039 -0.470507 -0.045520
0.327276 -0.465306 -0.039266
0.330504 -0.460164 -0.039245
0.333007 -0.460106 -0.033828
0.348538 -0.451184 -0.036713
0.351127 -0.446678 -0.036690
0.356373 -0.440988 -0.043965
0.361552 -0.435880 -0.044910
0.367417 -0.435278 -0.048647
0.380227 -0.423651 -0.041410
0.387302 -0.419163 -0.040571
0.387982 -0.417257 -0.042383
0.394398 -0.409537 -0.040551
0.395829 -0.407091 -0.050565
0.401580 -0.398693 -0.046878
0.406740 -0.393585 -0.047823
0.414397 -0.388379 -0.041492
0.413885 -0.389775 -0.050630
0.424052 -0.380665 -0.039749
0.426142 -0.375658 -0.051537
0.431330 -0.368633 -0.053353
0.435807 -0.360254 -0.051472
0.442139 -0.356950 -0.041514
0.450551 -0.346703 -0.044241
0.457677 -0.339026 -0.046083
0.469304 -0.323010 -0.047876
0.479646 -0.308275 -0.050567
0.480321 -0.300607 -0.054089
0.488778 -0.290400 -0.058647
0.499023 -0.276872 -0.054062
0.498971 -0.275538 -0.050405
0.509926 -0.256281 -0.050302
0.512499 -0.246656 -0.051097
0.516296 -0.237627 -0.046460
0.519043 -0.228150 -0.060018
0.524180 -0.220428 -0.058188
0.530554 -0.203683 -0.054377
0.540054 -0.193280 -0.041659
0.540887 -0.186999 -0.055233
0.538896 -0.179252 -0.052336
0.539062 -0.174907 -0.065000
0.545367 -0.161320 -0.055802
0.549953 -0.151762 -0.062100
0.553060 -0.142035 -0.053805
0.551268 -0.140865 -0.064680
0.558190 -0.124047 -0.052709
0.555773 -0.115206 -0.067080
0.557684 -0.106852 -0.066079
0.561551 -0.095303 -0.066867
0.560778 -0.090685 -0.057679
0.564659 -0.073373 -0.060204
0.565930 -0.065017 -0.059190
0.564073 -0.056094 -0.066276
0.564133 -0.048446 -0.071617
0.562177 -0.045867 -0.070636
0.569239 -0.022121 -0.071286
0.566596 -0.014362 -0.067475
0.564557 -0.001436 -0.061761
0.572246 0.000529 -0.057315
0.565335 0.004220 -0.072612
0.566013 0.020236 -0.075997
0.561430 0.031197 -0.073927
0.565706 0.043591 -0.056487
0.565965 0.044663 -0.075598
0.563885 0.060184 -0.067109
0.562692 0.069721 -0.076056
0.560650 0.077510 -0.069497
0.560785 0.085095 -0.080303
0.559974 0.096154 -0.069180
0.551544 0.117356 -0.070502
0.549046 0.126916 -0.077593
0.549046 0.133325 -0.078390
0.548904 0.142434 -0.069141
0.546828 0.155372 -0.060694
0.542478 0.159089 -0.073281
0.538015 0.166100 -0.079474
0.535931 0.176484 -0.070139
0.533326 0.183575 -0.069072
0.530789 0.194459 -0.073408
0.529434 0.204132 -0.070493
0.524927 0.211176 -0.072094
0.523743 0.209812 -0.080290
0.523135 0.219410 -0.083782
0.517251 0.228448 -0.079861
0.513924 0.235592 -0.074216
0.511948 0.242037 -0.072270
0.512552 0.241431 -0.069560
0.510726 0.247113 -0.078529
0.505628 0.248998 -0.082963
0.504331 0.254138 -0.083756
0.500415 0.261223 -0.081734
0.499001 0.269021 -0.074313
0.497035 0.276747 -0.073220
0.493844 0.281869 -0.075807
0.488019 0.286372 -0.075622
0.484124 0.295383 -0.075400
0.478398 0.299802 -0.082512
0.470565 0.314646 -0.078486
0.469728 0.322495 -0.066485
0.460142 0.331412 -0.075280
0.455734 0.332599 -0.083372
0.449280 0.344158 -0.084862
0.445264 0.351345 -0.075570
0.434991 0.361557 -0.082501
0.427841 0.369969 -0.079494
0.425889 0.369984 -0.078527
0.419973 0.382898 -0.072739
0.408481 0.387305 -0.083374
0.405948 0.392376 -0.088706
0.398113 0.401446 -0.083873
0.396068 0.404753 -0.076485
0.384435 0.417595 -0.077882
0.379898 0.421470 -0.076803
0.366962 0.429851 -0.077346
0.354682 0.440140 -0.077844
0.350206 0.444599 -0.081318
0.342544 0.447749 -0.088414
0.338571 0.452322 -0.081897
0.335849 0.458205 -0.073553
0.317841 0.467796 -0.080317
0.309396 0.474283 -0.077317
0.306778 0.478154 -0.076302
0.297810 0.481964 -0.081531
0.286813 0.490323 -0.082085
0.281017 0.492877 -0.083762
0.268002 0.497476 -0.077973
0.258931 0.503298 -0.075873
0.251899 0.505166 -0.082100
0.242823 0.509687 -0.080923
0.231294 0.514106 -0.088825
0.220914 0.518669 -0.085818
0.211181 0.525765 -0.083712
0.209820 0.525820 -0.079123
0.192326 0.529741 -0.075990
0.185858 0.535537 -0.075771
0.180154 0.535454 -0.083859
0.172406 0.538042 -0.084569
0.169062 0.541332 -0.077184
0.155333 0.545995 -0.065916
