-6.485416 6.052301 15.571813
-6.444512 6.175012 15.386062
-6.466614 6.064304 15.561132
-6.426243 6.095567 15.471666
-6.474172 6.050036 15.544507
-6.466581 6.041586 15.584995
-6.451741 6.092354 15.492284
-6.407883 6.176439 15.337928
-6.477713 6.180728 15.365983
-6.466977 6.156100 15.413699
-6.441037 6.090444 15.516138
-6.459145 6.055611 15.550571
-6.485337 6.075228 15.547437
-6.492410 6.106763 15.482765
-6.485150 6.166703 15.400407
-6.426308 6.141691 15.423217
-6.489032 6.091038 15.540529
-6.499768 6.115666 15.492813
-6.499548 6.184423 15.369645
-6.448272 6.236946 15.330706
-6.444797 6.152379 15.460781
-6.415507 6.070939 15.519383
-6.489110 6.068111 15.564906
-6.503574 6.131955 15.485696
-6.459346 6.032441 15.523898
-6.404044 6.137432 15.368908
-6.411941 6.146689 15.430116
-6.426606 6.050007 15.570762
-6.466614 6.064304 15.561132
-6.408167 6.153806 15.412647
-6.499912 6.138863 15.468741
-6.463411 6.231850 15.324432
-6.474367 6.187721 15.399883
-6.426768 6.164973 15.450001
-6.437374 6.097352 15.499182
-6.485337 6.075228 15.547437
-6.496105 6.122573 15.475858
-6.474367 6.187721 15.399883
-6.437076 6.189036 15.351638
-6.437471 6.166194 15.426871
-6.451675 6.046229 15.540733
-6.422943 6.056914 15.553806
-6.473939 6.050489 15.595042
-6.444746 6.037891 15.581332
-6.448207 6.190822 15.379155
-6.404472 6.137996 15.419555
-6.426606 6.050007 15.570762
-6.452039 6.000669 15.639828
-6.492539 6.198323 15.386591
-6.484973 6.120788 15.448342
-6.418935 6.201152 15.341068
-6.492572 6.221730 15.362005
-6.437439 6.143476 15.450734
-6.448473 6.076419 15.550561
-6.466614 6.064304 15.561132
-6.514180 6.064334 15.534877
-6.522077 6.210947 15.349556
-6.495742 6.168133 15.376762
-6.422580 6.102474 15.454711
-6.455677 6.200203 15.388993
-6.408070 6.084964 15.484959
-6.474172 6.050036 15.544507
-6.448441 6.053702 15.574424
-6.444415 6.106169 15.458374
-6.499404 6.161225 15.393717
-6.488668 6.136598 15.441434
-6.400666 6.121707 15.426672
-6.422864 6.079842 15.529430
-6.459112 6.032205 15.575157
-6.481739 6.128260 15.482033
-6.396971 6.105897 15.433580
-6.419079 6.224349 15.316996
-6.408167 6.153806 15.412647
-6.451722 6.000584 15.588972
-6.470179 5.988554 15.650399
-6.481609 6.036011 15.578931
-6.503146 6.131390 15.435049
-6.492507 6.175605 15.410454
-6.385872 6.126829 15.382200
-6.418982 6.155506 15.389307
-6.492741 6.038485 15.605724
-6.481609 6.036011 15.578931
-6.478011 6.089043 15.513527
-6.466930 6.201746 15.365459
-6.514641 6.087616 15.561661
-6.466930 6.201746 15.365459
-6.389347 6.074040 15.498654
-6.415474 6.048221 15.543245
-6.437342 6.074634 15.523045
-6.470704 6.194628 15.382928
-6.448207 6.190822 15.379155
-6.408246 6.130879 15.437024
-6.422864 6.079842 15.529430
-6.455878 6.039677 15.608848
-6.503541 6.108548 15.510282
-6.496346 6.214613 15.379474
-6.440771 6.204847 15.344731
-6.397100 6.197457 15.337405
-6.510680 6.186208 15.397162
-6.400446 6.053108 15.550033
-6.437277 6.028510 15.571494
-6.485434 6.144070 15.475125
-6.392977 6.181082 15.293666
-6.481739 6.128260 15.482033
-6.474050 6.187635 15.349027
-6.422774 6.240159 15.310088
-6.536839 6.183107 15.417890
-6.441005 6.067726 15.540000
-6.477835 6.043128 15.561462
-6.466679 6.110428 15.512683
-6.488812 6.159795 15.417362
-6.419201 6.086749 15.512475
-6.444336 6.129096 15.433997
-6.419345 6.109947 15.488403
-6.492773 6.061203 15.581861
-6.485337 6.075228 15.547437
-6.518005 6.172392 15.431072
-6.437076 6.189036 15.351638
-6.444512 6.175012 15.386062
-6.433776 6.150384 15.433779
-6.463170 6.139811 15.420816
-6.488934 6.022196 15.612841
-6.518084 6.149465 15.455448
-6.463314 6.163008 15.396744
-6.503243 6.200233 15.362738
-6.569677 6.097027 15.545244
-6.463016 6.117336 15.495728
-6.437310 6.051916 15.546908
-6.466535 6.087231 15.536755
-6.514277 6.133176 15.462565
-6.481900 6.242538 15.361996
-6.510601 6.209135 15.372785
-6.415078 6.070375 15.468736
-6.367336 6.024430 15.542926
-6.521506 6.050518 15.568787
-6.485071 6.189630 15.376030
-6.474003 6.233281 15.300788
-6.477713 6.180728 15.365983
-6.481739 6.128260 15.482033
-6.470309 6.217470 15.307696
-6.518447 6.103905 15.554544
-6.562272 6.133770 15.486957
-6.459541 6.170125 15.379275
-6.463411 6.231850 15.324432
-6.452104 6.046794 15.591379
-6.400511 6.099232 15.501584
-6.470308 6.080114 15.554224
-6.433237 6.150029 15.382618
-6.510946 6.071806 15.568568
-6.492870 6.130045 15.509549
-6.521603 6.119360 15.496476
-6.455910 6.199751 15.338457
-6.433647 6.058824 15.529953
-6.495807 6.214258 15.328314
-6.415507 6.070939 15.519383
-6.477713 6.043371 15.612511
-6.481706 6.104854 15.506619
-6.470672 6.171911 15.406791
-6.510601 6.209135 15.372785
-6.463217 6.094166 15.469055
-6.459242 6.124453 15.478259
-6.455435 6.108164 15.485376
-6.510946 6.071806 15.568568
-6.554836 6.147794 15.452533
-6.543913 6.214642 15.353219
-6.429574 6.156937 15.365663
-6.517908 6.103550 15.503383
-6.507251 6.055995 15.575476
-6.481512 5.967169 15.651242
-6.529209 6.059447 15.528090
-6.558643 6.164084 15.445416
-6.488844 6.182513 15.393499
-6.492507 6.175605 15.410454
-6.489176 6.114235 15.516457
-6.532684 6.006658 15.644543
-6.566183 5.920690 15.772007
-6.610217 6.019876 15.631900
-6.525481 6.020231 15.559583
-6.525279 6.043401 15.586256
-6.492676 5.855005 15.900701
-6.584777 6.092712 15.691411
-6.651372 5.967117 15.999685
-6.607799 6.028569 15.920048
-6.563582 6.181679 15.743612
-6.574954 6.275504 15.674744
-6.589522 6.109979 15.887701
-6.578915 6.176912 15.839243
-6.633782 6.232211 15.825636
-6.692513 6.257433 15.802311
-6.666652 6.306206 15.682598
-6.641075 6.332346 15.637604
-6.707113 6.251982 15.744878
-6.629684 6.146752 15.803160
-6.596304 5.934988 16.039965
-6.681389 6.094792 15.892746
-6.570792 6.007252 15.946522
-6.684066 5.995196 15.904582
-6.647728 6.203150 15.639513
-6.654754 6.280330 15.526603
-6.545060 6.284941 15.484106
-6.511223 6.210028 15.525337
-6.533929 6.145800 15.703118
-6.519167 6.173640 15.634784
-6.585287 6.230482 15.597644
-6.588587 6.269134 15.515503
-6.463987 6.278388 15.428744
-6.482459 6.197995 15.562273
-6.537462 6.184000 15.570442
-6.581463 6.123111 15.700726
-6.595991 6.232391 15.573790
-6.533720 6.213835 15.529110
-6.530201 6.243939 15.488083
-6.514965 6.180193 15.566668
-6.511730 6.187665 15.600360
-6.548262 6.117395 15.720805
-6.540826 6.131420 15.686381
-6.581495 6.145829 15.676863
-6.566831 6.242512 15.536217
-6.555699 6.240727 15.508701
-6.522498 6.235010 15.528781
-6.489830 6.137846 15.645146
-6.530057 6.220742 15.512155
-6.547932 6.323029 15.351319
-6.496921 6.261151 15.483786
-6.452758 6.207761 15.473540
-6.452636 6.208004 15.524589
-6.507891 6.148658 15.631340
-6.618326 6.121231 15.698324
-6.500534 6.139755 15.621292
-6.533896 6.259750 15.481175
-6.493195 6.222622 15.514557
-6.474957 6.165896 15.576298
-6.486088 6.167681 15.603814
-6.599668 6.156432 15.663571
-6.562862 6.111944 15.663372
-6.548262 6.117395 15.720805
-6.511489 6.095626 15.696744
-6.548561 6.163067 15.621821
-6.533720 6.213835 15.529110
-6.511320 6.278870 15.453025
-6.463656 6.209998 15.551592
-6.438061 6.144369 15.603285
-6.544600 6.124303 15.703850
-6.522304 6.097326 15.673404
-6.481998 6.174713 15.535489
-6.537559 6.252842 15.498130
-6.533720 6.213835 15.529110
-6.493525 6.153656 15.638238
-6.552036 6.247634 15.491746
-6.507891 6.148658 15.631340
-6.559362 6.233819 15.525656
-6.493227 6.245340 15.490694
-6.467553 6.202638 15.518011
-6.456137 6.086129 15.662305
-6.567018 6.151037 15.683247
-6.559628 6.119417 15.697063
-6.548593 6.185785 15.597958
-6.607371 6.165361 15.622873
-6.507560 6.216936 15.508382
-6.511762 6.210383 15.576497
-6.548529 6.140349 15.645684
-6.486056 6.144963 15.627677
-6.533598 6.214078 15.580160
-6.596225 6.231939 15.523255
-6.507625 6.263060 15.459933
-6.515030 6.226317 15.518220
-6.459897 6.148064 15.606948
-6.522369 6.143450 15.624955
-6.537228 6.184452 15.620978
-6.559362 6.233819 15.525656
-6.533961 6.305874 15.432727
-6.493259 6.268058 15.466831
-6.471028 6.149849 15.634464
-6.507826 6.102533 15.679788
-6.658334 6.135529 15.688695
-6.603661 6.217914 15.557678
-6.508255 6.103098 15.730435
-6.562992 6.203505 15.567197
-6.559232 6.141570 15.622554
-6.588731 6.292331 15.491431
-6.522563 6.281135 15.480332
-6.529960 6.151900 15.584467
-6.537098 6.092203 15.717875
-6.548464 6.094225 15.694133
-6.555821 6.103127 15.704180
-6.559329 6.210412 15.550242
-6.548263 6.254751 15.474277
-6.500663 6.231316 15.525118
-6.563420 6.204069 15.617844
-6.581463 6.259779 15.454920
-6.611033 6.158453 15.639828
-6.552036 6.247634 15.491746
-6.511367 6.233225 15.501264
-6.530025 6.198024 15.536018
-6.529806 6.129425 15.659379
-6.522764 6.120608 15.700188
-6.525999 6.113136 15.666496
-6.529903 6.198268 15.587067
-6.603597 6.172478 15.605404
-6.507528 6.194218 15.532244
-6.552256 6.178877 15.614913
-6.470964 6.104413 15.682190
-6.585237 6.115994 15.718195
-6.522401 6.166168 15.601092
-6.566928 6.311354 15.463906
-6.603726 6.264038 15.509230
-6.522466 6.212292 15.552644
-6.489798 6.115128 15.669009
-6.555997 6.149042 15.656245
-6.559660 6.142135 15.673200
-6.526161 6.228103 15.545736
-6.555699 6.240727 15.508701
-6.559394 6.256537 15.501793
-6.507891 6.148658 15.631340
-6.533468 6.122518 15.676334
-6.574138 6.136927 15.666816
-6.581132 6.191389 15.577768
-6.533468 6.122518 15.676334
-6.503931 6.247250 15.466841
-6.504261 6.178283 15.590522
-6.522764 6.120608 15.700188
-6.551957 6.133205 15.713898
-6.548295 6.277469 15.450414
-6.478432 6.113107 15.692751
-6.574138 6.136927 15.666816
-6.482127 6.128917 15.685843
-6.493195 6.222622 15.514557
-6.500663 6.231316 15.525118
-6.574156 6.228696 15.570127
-6.525967 6.090418 15.690359
-6.548263 6.254751 15.474277
-6.537462 6.184000 15.570442
-6.555731 6.263445 15.484838
-6.515062 6.249035 15.494357
-6.529727 6.152353 15.635002
-6.518926 6.081601 15.731168
-6.529630 6.083510 15.707314
-6.581164 6.214107 15.553905
-6.551892 6.224437 15.515818
-6.559329 6.210412 15.550242
-6.522322 6.189095 15.576716
-6.526492 6.159825 15.668694
-6.548464 6.094225 15.694133
-6.595973 6.140622 15.670478
-6.497187 6.146748 15.655193
-6.526427 6.251057 15.470614
-6.463890 6.209546 15.501056
-6.529960 6.151900 15.584467
-6.533468 6.122518 15.676334
-6.607468 6.234203 15.550561
-6.577898 6.198861 15.611459
-6.584924 6.276042 15.498548
-6.530122 6.266867 15.463707
-6.489532 6.229530 15.497602
-6.482393 6.151871 15.610722
-6.588900 6.109087 15.735150
-6.529806 6.129425 15.659379
-6.592530 6.216129 15.530162
-6.533422 6.168163 15.628095
-6.537494 6.206718 15.546579
-6.489830 6.137846 15.645146
-6.504592 6.110006 15.713480
-6.563323 6.135227 15.690155
-6.515062 6.249035 15.494357
-6.515094 6.271753 15.470494
-6.467697 6.225835 15.493939
-6.478652 6.181706 15.569390
-6.522563 6.281135 15.480332
-6.445135 6.175904 15.538614
-6.574059 6.159854 15.642439
-6.548496 6.116943 15.670270
-6.559426 6.279255 15.477930
-6.570461 6.212886 15.577035
-6.507657 6.285778 15.436070
-6.497065 6.284348 15.459714
-6.493622 6.222498 15.565926
-6.508431 6.149013 15.682500
-6.563323 6.135227 15.690155
-6.570396 6.166762 15.625484
-6.551990 6.293280 15.443506
-6.511399 6.255943 15.477402
-6.522401 6.166168 15.601092
-6.482328 6.105746 15.659171
-6.511633 6.118823 15.672671
-6.584827 6.207199 15.570860
-6.459897 6.148064 15.606948
-6.507560 6.216936 15.508382
-6.526161 6.228103 15.545736
-6.478699 6.136060 15.617630
-6.493493 6.130938 15.662101
-6.570590 6.304446 15.480861
-6.533864 6.237032 15.505038
-6.503931 6.247250 15.466841
-6.500171 6.185315 15.522197
-6.486056 6.144963 15.627677
-6.511489 6.095626 15.696744
-6.555965 6.126324 15.680108
-6.544819 6.192902 15.580489
-6.577390 6.221224 15.536436
-6.514900 6.134069 15.615117
-6.474989 6.188613 15.552435
-6.522685 6.143535 15.675811
-6.537195 6.161046 15.645564
-6.570396 6.166762 15.625484
-6.500631 6.208598 15.548981
-6.518901 6.288042 15.463377
-6.496824 6.192308 15.556098
-6.489751 6.160773 15.620769
-6.497090 6.077906 15.727505
-6.533324 6.099320 15.700406
-6.544995 6.238817 15.532554
-6.507970 6.125730 15.655716
-6.526460 6.273775 15.446751
-6.551958 6.270562 15.467369
-6.548263 6.254751 15.474277
-6.482426 6.174589 15.586859
-6.518991 6.127725 15.682719
-6.518991 6.127725 15.682719
-6.588490 6.200292 15.587815
-6.562596 6.226347 15.491965
-6.482095 6.243555 15.463178
-6.511320 6.278870 15.453025
-6.537163 6.138328 15.669426
-6.541027 6.108250 15.659709
-6.541124 6.177092 15.587397
-6.482127 6.266273 15.439315
-6.511665 6.141541 15.648809
-6.511399 6.255943 15.477402
-6.537195 6.161046 15.645564
-6.555821 6.103127 15.704180
-6.511489 6.095626 15.696744
-6.485725 6.213241 15.504719
-6.588835 6.200318 15.537070
-6.522700 6.211840 15.502108
-6.522322 6.189095 15.576716
-6.511633 6.118823 15.672671
-6.511633 6.118823 15.672671
-6.544866 6.147257 15.628729
-6.551892 6.224437 15.515818
-6.555731 6.263445 15.484838
-6.555699 6.240727 15.508701
-6.500566 6.162473 15.597430
-6.497155 6.124030 15.679056
-6.489798 6.115128 15.669009
-6.603661 6.217914 15.557678
-6.533767 6.168189 15.577350
-6.559394 6.256537 15.501793
-6.474691 6.142942 15.651419
-6.552159 6.110035 15.687225
-6.603299 6.126806 15.704388
-6.584795 6.184482 15.594723
-6.533817 6.282677 15.456799
-6.496968 6.215505 15.532026
-6.475036 6.142968 15.600675
-6.437730 6.212647 15.480327
-6.471294 6.172803 15.559343
-6.486056 6.144963 15.627677
-6.485959 6.076121 15.699989
-6.507826 6.102533 15.679788
-6.584827 6.207199 15.570860
-6.537527 6.230124 15.521993
-6.526460 6.273775 15.446751
-6.485790 6.259365 15.456270
-6.525999 6.113136 15.666496
-6.507826 6.102533 15.679788
-6.596433 6.163904 15.697262
-6.559297 6.187694 15.574105
-6.511633 6.118823 15.672671
-6.574235 6.205769 15.594504
-6.464052 6.187156 15.626824
-6.511489 6.095626 15.696744
-6.570428 6.189480 15.601621
-6.515094 6.271753 15.470494
-6.489485 6.275175 15.449362
-6.555699 6.240727 15.508701
-6.496792 6.169590 15.579961
-6.552159 6.110035 15.687225
-6.573962 6.091012 15.714751
-6.599733 6.202556 15.615122
-6.533720 6.213835 15.529110
-6.537527 6.230124 15.521993
-6.526394 6.227650 15.495200
-6.541124 6.177092 15.587397
-6.544521 6.147230 15.679474
-6.511586 6.164468 15.624432
-6.537494 6.206718 15.546579
-6.486088 6.167681 15.603814
-6.503898 6.223843 15.491426
-6.489927 6.206688 15.572834
-6.470996 6.127131 15.658327
-6.625860 6.176049 15.660437
-6.588666 6.246207 15.539880
-6.537624 6.298966 15.449682
-6.507528 6.194218 15.532244
-6.500487 6.185401 15.573053
-6.522498 6.235010 15.528781
-6.559692 6.164852 15.649337
-6.588634 6.223489 15.563743
-6.548230 6.231345 15.498863
-6.574235 6.205769 15.594504
-6.541254 6.268652 15.491223
-6.507657 6.285778 15.436070
-6.493195 6.222622 15.514557
-6.507704 6.240133 15.484309
-6.519023 6.150443 15.658856
-6.570396 6.166762 15.625484
-6.489467 6.183406 15.546051
-6.530025 6.198024 15.536018
-6.459799 6.079222 15.679260
-6.577898 6.198861 15.611459
-6.518991 6.127725 15.682719
-6.563258 6.089102 15.738604
-6.559628 6.119417 15.697063
-6.507560 6.216936 15.508382
-6.537527 6.230124 15.521993
-6.459929 6.170782 15.583085
-6.489798 6.115128 15.669009
-6.540826 6.131420 15.686381
-6.555918 6.171970 15.631868
-6.537494 6.206718 15.546579
-6.496461 6.237868 15.457003
-6.507704 6.240133 15.484309
-6.500124 6.230960 15.473958
-6.511568 6.072698 15.721120
-6.541203 6.154165 15.611774
-6.584971 6.230397 15.546788
-6.522563 6.281135 15.480332
-6.486088 6.167681 15.603814
-6.489751 6.160773 15.620769
-6.537195 6.161046 15.645564
-6.585158 6.138922 15.693818
-6.603396 6.195648 15.632077
-6.585068 6.299239 15.474476
-6.577488 6.290067 15.464124
-6.548263 6.254751 15.474277
-6.522225 6.120253 15.649027
-6.496792 6.169590 15.579961
-6.559725 6.188259 15.624751
-6.555731 6.263445 15.484838
-6.533896 6.259750 15.481175
-6.500663 6.231316 15.525118
-6.570428 6.189480 15.601621
-6.544600 6.124303 15.703850
-6.577898 6.198861 15.611459
-6.426962 6.165302 15.551906
-6.412387 6.101667 15.630603
-6.552224 6.156159 15.638776
-6.559426 6.279255 15.477930
-6.573793 6.274256 15.471032
-6.529727 6.152353 15.635002
-6.522830 6.166732 15.651739
-6.500929 6.116913 15.696525
-6.552159 6.110035 15.687225
-6.522401 6.166168 15.601092
-6.581261 6.282950 15.481593
-6.511568 6.210055 15.474592
-6.456299 6.201096 15.541544
-6.493525 6.153656 15.638238
-6.525999 6.113136 15.666496
-6.596193 6.209221 15.547117
-6.503898 6.223843 15.491426
-6.445200 6.222029 15.490165
-6.508021 6.240218 15.535165
-6.544456 6.238462 15.481394
-6.507826 6.102533 15.679788
-6.577898 6.198861 15.611459
-6.607389 6.257131 15.526185
-6.596369 6.255136 15.499182
-6.540858 6.154138 15.662519
-6.563452 6.226787 15.593981
-6.563499 6.181142 15.642220
-6.504197 6.132848 15.638247
-6.526129 6.205385 15.569599
-6.511367 6.233225 15.501264
-6.573872 6.251329 15.495409
-6.504229 6.155566 15.614385
-6.537163 6.138328 15.669426
-6.518991 6.127725 15.682719
-6.574059 6.159854 15.642439
-6.551958 6.270562 15.467369
-6.489532 6.229530 15.497602
-6.452492 6.184807 15.548661
-6.537430 6.161282 15.594305
-6.559660 6.142135 15.673200
-6.566557 6.127755 15.656464
-6.545060 6.284941 15.484106
-6.503963 6.269968 15.442978
-6.570033 6.212322 15.526389
-6.530122 6.266867 15.463707
-6.507528 6.194218 15.532244
-6.529903 6.198268 15.587067
-6.496774 6.077821 15.676649
-6.519070 6.104798 15.707095
-6.522401 6.166168 15.601092
-6.581229 6.260232 15.505456
-6.533864 6.237032 15.505038
-6.522322 6.189095 15.576716
-6.522862 6.189450 15.627876
-6.500850 6.139841 15.672148
-6.555997 6.149042 15.656245
-6.600063 6.270946 15.492275
-6.507625 6.263060 15.459933
-6.459929 6.170782 15.583085
-6.497234 6.101103 15.703433
-6.485790 6.259365 15.456270
-6.618488 6.236198 15.577564
-6.581261 6.282950 15.481593
-6.537559 6.252842 15.498130
-6.511762 6.210383 15.576497
-6.515263 6.088509 15.714212
-6.537098 6.092203 15.717875
-6.566701 6.150952 15.632392
-6.537527 6.230124 15.521993
-6.551958 6.270562 15.467369
-6.526460 6.273775 15.446751
-6.478497 6.159231 15.644302
-6.470964 6.104413 15.682190
-6.529662 6.106228 15.683451
-6.497234 6.101103 15.703433
-6.573793 6.274256 15.471032
-6.551958 6.270562 15.467369
-6.574091 6.182572 15.618576
-6.566733 6.173670 15.608529
-6.518804 6.219200 15.535688
-6.574156 6.228696 15.570127
-6.562675 6.203419 15.516341
-6.530057 6.220742 15.512155
-6.459929 6.170782 15.583085
-6.467157 6.088124 15.689307
-6.710628 6.198412 15.708890
-6.544819 6.192902 15.580489
-6.552321 6.225002 15.566465
-6.563323 6.135227 15.690155
-6.537430 6.161282 15.594305
-6.607468 6.234203 15.550561
-6.518466 6.195675 15.457855
-6.588770 6.154194 15.585519
-6.379953 6.257397 15.532633
-6.328573 6.539289 15.201527
-6.031972 7.222882 14.355109
-5.540065 8.003551 13.347615
-5.551819 8.280941 13.034626
-5.725795 8.868810 12.570718
-5.577850 8.438938 12.988453
-5.238604 7.708558 13.621649
-4.903683 7.498065 13.616502
-4.955178 7.376784 13.778609
-4.837152 7.532428 13.506307
-4.878463 7.776856 13.306124
-5.055662 7.967961 13.268969
-5.172792 7.949325 13.345890
-5.184345 8.249886 13.059573
-4.886119 8.084089 13.054111
-4.952319 8.118692 13.040625
-4.933894 8.153440 12.955335
-4.911883 8.103830 12.999608
-5.245897 7.671337 13.680145
-5.282878 7.371725 14.042013
-5.411317 7.401477 14.097792
-5.407985 7.340107 14.203795
-5.452102 7.576499 13.919274
-5.334554 7.847195 13.577068
-5.166324 7.964269 13.413272
-5.081711 8.217727 13.126108
-5.170159 8.461620 12.849023
-5.148921 8.665260 12.730121
-5.071705 8.789483 12.547092
-5.041923 8.662044 12.602773
-5.037630 8.301543 12.971448
-5.048776 8.234965 13.071066
-5.008049 8.013576 13.246984
-4.974582 8.122262 13.095657
-4.986498 8.514620 12.661908
-4.946184 8.752173 12.406766
-4.917154 8.854542 12.272295
-5.065229 9.101950 12.250719
-5.006531 9.100136 12.249458
-5.002425 9.038174 12.355559
-4.987502 8.951736 12.407263
-4.991035 8.852580 12.521115
-5.057170 8.841058 12.556077
-5.053936 8.848531 12.589769
-5.043031 9.007148 12.393767
-5.069319 8.958251 12.564849
-5.087855 8.923293 12.650652
-5.176351 8.984873 12.667612
-5.150684 9.171331 12.403276
-5.235438 9.262057 12.379627
-5.217078 9.342930 12.245889
-5.144031 9.300527 12.401366
-5.173095 9.221564 12.511251
-5.206310 9.158228 12.563996
-5.183539 9.039664 12.680469
-5.205195 8.973979 12.655052
-5.142431 8.909422 12.607452
-5.153038 8.842489 12.655910
-5.127759 8.776945 12.758459
-5.113062 8.713554 12.888205
-5.146255 8.880125 12.750175
-5.235186 9.170740 12.526851
-5.139966 9.101117 12.600832
-5.117937 9.349752 12.332189
-5.103589 9.309852 12.488204
-5.067290 9.242313 12.563751
-5.191937 9.187414 12.698750
-5.202924 9.303358 12.503810
-5.221396 9.222965 12.637338
-5.121736 9.136882 12.616725
-4.303751 9.809784 11.822850
-4.238627 10.234924 11.404665
-4.264157 10.254429 11.401420
-4.109592 10.251183 11.300326
-4.127868 10.169773 11.332673
-4.006043 10.011605 11.431244
-4.065137 9.991266 11.507015
-4.061863 10.136187 11.447342
-4.029220 10.359952 11.175365
-3.768367 10.720748 10.663407
-3.731951 10.951629 10.373962
-3.623293 11.416075 10.052957
-3.576165 11.805902 9.669414
-3.522037 12.439478 9.010441
-3.357674 13.076622 8.258533
-3.107896 13.622927 7.530164
-2.841255 14.480563 6.579407
-2.599787 15.242409 5.644261
-2.346779 16.093675 4.534264
-1.990462 16.660047 3.705329
-1.288935 17.747669 1.970984
-0.862742 18.492753 0.819228
-0.458125 19.057723 -0.135795
-0.263228 19.337618 -0.641870
-0.262818 19.428823 -0.789205
0.304079 19.866350 -1.836513
0.594577 20.167767 -2.517543
0.709409 20.200730 -2.753825
0.809334 20.229049 -2.945845
0.775691 20.166278 -2.842453
0.706580 20.100831 -2.894638
0.706678 20.031989 -2.822327
0.758543 19.969670 -2.791876
0.724785 19.930154 -2.610955
0.628789 20.023145 -2.607297
0.567068 19.651366 -2.152610
0.559963 19.041581 -1.339207
0.347915 17.579364 0.406848
-0.393270 16.092533 2.514897
-2.272962 15.327986 4.640784
-3.479868 15.480211 5.136479
-3.049933 16.117774 4.189919
-2.936328 16.198108 4.108900
-2.939990 16.191200 4.125855
-2.664657 16.397071 3.789073
-2.536179 16.505455 3.639206
-2.323523 16.706319 3.371495
-2.091716 16.896382 3.066110
-2.077188 16.787102 3.193045
-2.197776 16.508606 3.399655
-2.398398 16.487830 3.243789
-2.938059 16.279754 3.470121
-3.279406 16.199961 3.646387
-3.578262 15.666732 3.833082
-2.984241 15.258082 3.606112
-2.042611 14.658747 3.067534
-1.681814 14.428722 3.116376
-1.178221 14.267122 3.069767
-0.821702 14.329293 2.923638
-0.314619 14.541504 2.525397
0.023000 14.660514 2.317638
0.665548 15.293162 1.320397
1.146835 15.547831 0.843790
1.172074 15.734853 0.630100
1.160834 16.195462 0.124137
1.142201 16.366703 -0.108900
0.601776 17.168432 -0.943490
0.267301 17.560615 -1.384635
-0.423203 17.868093 -1.605556
-1.408486 18.118696 -1.545289
-1.636681 18.050028 -1.377410
-2.672086 17.949338 -1.118160
-3.556548 17.975254 -1.035690
-4.699484 17.648976 -0.306277
-5.401044 17.385466 0.255739
-6.638296 16.645956 1.417770
-8.221648 16.210437 2.414175
-10.021459 16.185355 2.892100
-11.611424 15.368074 4.206654
-11.728666 15.486585 4.037560
-12.809810 14.971085 4.399322
-13.018195 14.317171 4.979955
-13.327982 13.672230 5.466645
-14.031822 13.215975 5.882535
-14.167640 13.162080 5.892609
-13.811766 12.456862 5.999816
-12.807176 12.056304 5.894780
-12.551908 11.530640 6.180159
-12.715907 11.213080 6.340638
-12.736771 10.665708 6.820888
-12.837812 10.008551 7.324917
-12.836243 9.640164 7.507140
-12.904997 9.322067 7.720338
-12.834649 8.950849 8.077704
-12.561326 8.116161 8.741368
-12.560089 7.542140 9.293078
-12.404796 7.102644 9.649926
-11.750235 6.747410 9.814155
-11.702934 6.769646 9.766011
-11.113126 5.805673 10.540984
-11.847343 5.524060 10.954745
-11.894949 5.249284 11.268383
-11.446506 5.119663 11.283609
-11.092783 4.784505 11.513585
-10.831913 4.526849 11.753725
-10.574615 4.421914 11.792200
-10.571035 4.566716 11.630108
-10.016342 4.503555 11.496625
-10.042300 4.523624 11.544026
-10.085730 4.438974 11.647735
-9.968534 4.411486 11.619263
-9.916668 4.349167 11.649714
-9.750751 4.412205 11.398660
-9.735846 4.554204 11.107870
-9.830857 4.691862 10.859881
-9.668790 4.656517 10.772812
-9.524928 4.791849 10.402059
-9.494800 4.938406 10.016151
-9.593409 5.160389 9.587038
-9.744312 5.445254 9.178119
-9.740617 5.429444 9.185027
-10.172417 5.378567 9.064044
-10.513569 5.297757 9.139128
-10.909757 5.363714 8.951266
-11.295072 5.473650 8.790068
-11.493575 5.644596 8.576837
-11.823815 6.020614 8.091440
-12.304400 5.924647 8.145313
-12.850707 5.610874 8.502133
-13.411970 5.544302 8.536135
-14.076376 5.350169 8.825153
-14.857969 5.228389 8.941964
-15.473368 4.757400 9.343286
-15.898173 4.124690 9.967483
-15.948730 3.728408 10.418516
-16.746754 2.744585 11.285461
-17.230257 2.251046 11.664391
-17.901178 2.133679 11.687738
-18.818776 2.393900 11.305520
-18.936349 2.444133 11.259385
-19.933171 2.387930 11.117770
-20.093126 1.641054 11.668490
-20.239622 0.455052 12.446118
-19.886806 -3.729941 14.559169
-19.956698 -5.170445 14.692104
-20.764855 -5.639077 13.777830
-21.908839 -4.441828 11.790971
-22.059099 -4.202661 11.531782
-23.898714 -0.365611 8.143889
-24.585324 2.262217 6.326218
-24.606793 5.313375 3.825649
-24.306365 7.687711 1.490569
-23.255177 9.774350 -0.903795
-20.381434 13.301209 -5.935280
-17.543766 14.799047 -9.034831
-15.256671 15.495313 -11.101764
-14.018375 15.935154 -12.102514
-10.871452 16.244319 -14.869069
-9.319496 15.628098 -16.647933
-9.633194 13.564956 -16.883583
-11.521858 10.025322 -14.997555
-12.415671 9.065857 -14.055154
-18.425323 3.736198 -6.181626
-21.490650 1.427296 -0.865094
-22.948015 -1.631802 5.399173
-22.478796 -4.132679 9.883273
-21.358101 -5.382809 11.278247
-15.689825 -10.497265 17.137880
-10.810980 -12.540636 18.706406
-5.203941 -13.997602 19.100245
-2.136641 -14.885735 18.667058
5.170709 -17.425273 16.724303
10.612177 -19.099114 12.873230
12.548976 -19.414717 9.001844
11.210313 -19.368688 6.972105
10.253704 -19.302128 6.543249
3.323238 -19.246950 8.692704
-2.329980 -18.670948 11.829171
-8.545911 -16.567010 14.133535
-15.303159 -12.274262 14.699280
-16.110782 -11.562314 14.613381
-23.159583 -0.637364 10.881905
-23.830533 4.767202 6.804987
-23.179298 9.673732 1.381347
-21.497295 12.771943 -3.341430
-18.941588 14.277824 -6.615885
-11.694150 15.955292 -14.263922
-7.526789 12.738058 -17.576842
-7.683924 11.781865 -17.266954
-9.338967 6.882658 -14.918578
-12.347557 5.511166 -12.310155
-15.771241 4.481268 -9.167495
-18.196200 3.803166 -6.603753
-21.177834 2.068311 -2.013152
-23.368923 -0.780026 4.751948
-22.908572 -3.521974 9.969134
-20.271148 -6.602071 14.602100
-18.922801 -7.623045 15.711564
-11.182159 -11.301063 18.885701
-5.440188 -13.781192 19.090621
1.975255 -16.336394 17.638146
8.797896 -18.016774 14.398009
9.652849 -18.179057 13.881232
13.660118 -19.198786 8.067286
11.786137 -19.708826 7.581958
7.928961 -20.021082 8.885377
4.089991 -20.102995 10.809000
0.403346 -19.451729 12.318231
-9.956639 -16.053040 15.545456
-16.956117 -10.964286 15.000757
-21.891613 -4.496317 12.208351
-23.261489 -1.867647 10.523981
-24.415630 4.669548 4.555219
-23.360122 8.800617 -0.814991
-21.714361 12.688466 -5.767251
-17.473948 15.858451 -11.500649
-16.179800 16.150992 -12.493634
-10.143415 14.079845 -15.775129
-9.569416 11.860902 -15.813029
-10.734339 9.509447 -14.761547
-12.135930 7.684870 -13.288121
-13.046734 7.318721 -12.622573
-17.437684 6.140608 -8.743127
-20.320843 5.764229 -5.792975
-22.790076 5.014332 -2.227267
-24.156014 4.237779 0.832169
-24.503137 2.745814 4.384593
-23.562715 -0.494764 10.479742
-20.522782 -3.454237 14.429688
-15.990611 -5.811807 16.839563
-13.499108 -6.827760 17.506051
8.245497 -13.909354 14.564178
14.771479 -15.529992 10.273991
17.755186 -15.802606 7.136528
18.720971 -16.457114 4.161210
17.318026 -17.159064 2.684264
13.775213 -18.515709 4.108023
7.594339 -19.709919 7.669045
5.409846 -19.888255 9.122517
-9.193302 -16.312154 14.106289
-17.195355 -10.744500 13.984159
-21.857675 -4.927889 11.662554
-24.135316 0.504470 8.205401
-24.290522 1.127749 7.706226
-23.557354 8.913199 -0.362658
-21.744002 12.462048 -4.437460
-18.055767 16.174108 -9.587646
-13.917514 16.798359 -12.823269
-9.421781 15.374433 -15.503003
-8.310622 14.959531 -16.430142
-8.352401 14.378963 -17.074455
-9.040904 13.502303 -17.167008
-9.802051 12.863435 -16.862820
-12.646844 11.774640 -15.186949
-15.626220 11.548847 -13.102625
-18.918306 11.333792 -10.155148
-21.710390 10.653581 -6.567965
-22.476347 10.205100 -5.287082
-24.816757 5.544823 4.591746
-22.898377 1.637430 10.325465
-18.601406 -1.901592 14.450058
-13.148066 -4.547129 16.452607
-10.152348 -5.588218 16.673406
1.252150 -9.319174 15.895487
8.488990 -11.372527 13.474605
14.611654 -12.951713 10.003943
17.707092 -13.302170 7.361067
20.443714 -14.251950 3.462570
20.373842 -15.464568 1.584670
17.439391 -17.293950 2.809619
13.357137 -19.190289 5.821528
11.409139 -19.768879 7.426133
0.018511 -19.844840 14.456601
-7.782740 -17.006018 16.578929
-15.322017 -12.077955 16.364345
-24.065756 1.338322 8.105433
-23.980669 7.751818 0.714667
-22.174564 11.721160 -4.089464
-19.134267 15.643567 -9.015055
-16.731562 16.497788 -10.896314
-9.590699 15.842751 -15.145113
-7.517480 15.078240 -16.675955
-7.140102 14.025005 -17.777179
-7.571147 12.390757 -17.801211
-7.710159 12.214180 -17.755118
-10.744463 10.872917 -16.071853
-14.017004 10.405554 -13.819609
-17.647689 9.649302 -10.620667
-20.399765 8.553086 -7.359652
-22.550415 7.486669 -4.048096
-24.929561 4.189094 3.483743
-24.346777 1.219723 8.719051
-21.663743 -1.893068 13.064063
-19.332688 -3.344857 14.865795
-11.801220 -7.275134 17.491636
-4.114701 -10.488453 17.991018
4.042763 -13.115937 16.323851
11.237980 -14.959934 12.931226
12.398854 -15.183086 12.074579
18.459026 -16.012409 5.802515
18.076976 -16.985484 4.444953
15.439715 -18.383472 5.139403
11.118116 -19.726866 7.593164
9.354215 -19.818141 8.349723
-3.437670 -18.785854 14.572051
-11.566783 -15.035730 15.688558
-19.195240 -8.602664 13.667495
-22.125839 -4.569410 11.233659
-24.546094 3.051316 5.594279
-23.934826 8.395997 0.319989
-21.492266 12.650314 -4.441293
-17.898272 15.651083 -8.896496
-16.670122 16.138065 -10.122101
-10.903570 16.088504 -14.821956
-9.232835 15.546478 -16.183375
-8.312943 15.156020 -17.138312
-8.441907 14.314409 -17.529264
-8.532544 14.091717 -17.510692
-13.108962 10.488323 -14.330993
-19.893113 6.840064 -6.943632
-20.609831 6.251848 -5.745716
-24.060776 3.263299 1.405904
-24.255373 0.316091 6.494942
-22.817417 -3.136821 11.499911
-19.146113 -6.562247 15.840637
-18.517575 -6.988644 16.250347
-9.104071 -12.470594 19.439281
-3.436522 -15.079324 19.115328
2.664568 -16.699937 17.415656
7.283321 -17.503271 15.326961
11.707216 -18.439377 12.576318
13.825414 -18.996168 9.543038
11.331425 -19.878943 10.378948
7.182144 -20.399722 12.521790
4.674394 -20.393892 13.773878
-5.231132 -17.337123 17.731407
-12.613702 -12.254387 18.406770
-18.234984 -6.298349 16.244740
-21.800809 -0.581942 12.397780
-22.159555 0.436076 11.664730
-23.533729 8.613225 3.333577
-22.673659 12.200403 -2.061721
-20.712509 14.973320 -7.075578
-17.867534 16.723772 -11.626915
-16.891159 16.746995 -12.508069
-11.147223 16.129485 -16.347548
-9.235545 15.342605 -17.024255
-8.626076 14.376403 -17.513654
-9.003411 13.410798 -17.271310
-11.375225 11.143262 -15.550430
-15.012656 8.835739 -12.268561
-18.201486 7.911902 -9.250565
-21.298376 7.129676 -5.561713
-22.279083 6.917436 -4.216284
-24.917134 3.269641 4.420140
-23.779228 -0.829889 10.038182
-20.060416 -5.927199 15.207970
-14.253733 -10.409239 18.465299
-13.164279 -11.037670 18.629927
-2.281374 -16.029072 18.786141
4.306460 -17.916896 16.943615
10.274882 -18.908994 13.411779
12.454913 -18.966802 10.752153
7.595473 -19.983919 9.676848
2.613873 -19.866236 11.572778
-3.427363 -18.684253 13.678485
-4.200580 -18.391967 13.893984
-14.685363 -12.572535 15.761550
-19.228491 -7.816402 14.444986
-22.789997 -1.989704 11.281236
-24.122709 2.668001 7.613451
-24.153856 6.061218 4.168954
-19.891668 14.072319 -7.434219
-13.516498 15.923564 -12.860006
-9.520083 16.124310 -14.869162
-8.264238 16.016067 -15.794060
-5.973132 15.228296 -17.673874
-5.794297 13.532139 -18.737704
-7.295684 11.036927 -17.810752
-9.689671 8.406596 -15.598772
-9.850339 8.027667 -15.332290
-16.282055 6.737255 -10.348349
-20.359768 6.704795 -6.631534
-23.282635 5.644696 -1.944689
-24.732401 3.286051 3.257449
-24.281504 1.653506 5.558074
-19.271199 -6.227290 15.565838
-12.853103 -10.153360 18.444530
-6.044434 -13.349016 19.117837
-2.357802 -14.870729 18.829898
5.980610 -16.971256 16.384472
11.857878 -17.956472 12.732315
14.831885 -18.390270 9.333310
15.576174 -18.420220 6.893526
15.454107 -18.571719 6.362774
10.916623 -19.815564 7.611417
6.497887 -20.296438 10.171763
0.602191 -19.931997 13.614348
-6.351162 -17.578023 16.489651
-7.287361 -17.042284 16.727113
-19.437098 -6.646448 15.331255
-23.064589 0.920868 10.557057
-23.630557 7.435972 4.476464
-22.227992 11.181996 -0.089439
-19.187300 14.198167 -4.769927
-11.399966 17.298270 -12.660306
-7.902987 16.807026 -14.646660
-4.761861 16.310135 -17.356062
-4.144349 14.357605 -19.460058
-5.659117 12.577793 -18.948189
-8.752853 11.377072 -17.357849
-11.350922 10.769422 -15.727718
-18.178636 9.695099 -10.127675
-21.098730 9.065441 -6.864618
-23.997905 6.968390 -1.249009
-24.900206 3.525175 5.320861
-24.392146 1.824416 8.201451
-18.450425 -4.788524 15.677735
-12.690222 -8.160634 18.039667
-5.840066 -10.833545 18.558027
1.493300 -13.472448 17.562400
2.847885 -13.894923 17.163514
15.735931 -15.549979 9.570095
18.964807 -15.707424 5.460249
18.947806 -16.491088 3.547832
16.689376 -17.670940 3.669339
12.893116 -18.813263 5.636760
3.497870 -19.994454 11.095234
-4.488362 -18.455651 14.469089
-12.746223 -14.229118 15.827347
-16.034040 -11.492844 15.603897
-22.825487 -2.221597 11.315711
-24.309831 4.519770 5.800329
-23.313540 9.284622 0.627562
-21.438875 13.709745 -4.534389
-20.818892 14.942472 -6.154700
-11.615293 17.442362 -14.065702
-8.507331 16.641985 -15.609878
-6.784553 15.991725 -16.892911
-6.571758 15.298336 -17.685201
-6.644254 15.087759 -17.677200
-10.001539 12.313294 -16.667144
-12.344106 11.454456 -15.193432
-15.073153 11.131974 -13.264395
-17.306231 10.795050 -11.363588
-20.512182 9.892051 -7.816681
-24.072772 7.059117 -0.995070
-24.865404 3.265022 5.301221
-23.152654 -1.322121 11.079765
-21.347470 -3.742849 13.621381
-11.715038 -10.405069 18.639434
4.891153 -13.774469 16.245775
10.358958 -14.286691 13.430022
16.147097 -14.682787 9.240404
20.210604 -14.634955 3.570863
19.723260 -15.629882 2.008762
16.599254 -17.436390 3.002603
14.555900 -18.279001 3.972677
3.881440 -19.954440 10.443950
-5.006109 -18.254480 14.257778
-12.489113 -14.436532 15.266729
-18.408693 -9.231511 14.328853
-19.194538 -8.316279 14.072892
-23.888998 1.480438 8.601857
-24.044245 6.066367 4.227848
-23.482174 9.922602 -0.410454
-22.663251 13.629568 -4.810517
-20.731804 14.870649 -6.816170
-12.172770 16.855570 -13.341474
-9.587068 16.411440 -15.096663
-8.722017 15.491001 -16.259191
-8.679891 14.843645 -16.649261
-10.741498 12.119549 -15.773556
-12.230840 9.816839 -14.473940
-14.119265 9.027546 -12.957931
-17.088527 8.778018 -10.673338
-18.064416 8.800598 -9.840229
-22.870314 8.216926 -4.074748
-24.463350 7.543576 -0.270740
-24.785118 6.617085 3.326262
-23.755231 4.848458 7.127852
-22.962487 4.211957 7.982875
-16.703605 -0.034447 13.543657
-10.726908 -1.650896 14.445861
-5.256076 -3.425452 14.471259
-1.150928 -4.925461 14.118069
5.470837 -7.278029 12.675827
14.638189 -10.119304 8.516760
19.302186 -11.002222 4.418423
21.866512 -11.869666 0.484256
21.987409 -12.418168 -0.573381
18.789337 -15.546011 -0.268818
13.829626 -18.524227 4.276991
6.932838 -20.237551 10.427830
-3.054286 -18.719992 15.971310
-21.756578 -3.122130 13.238182
-23.050439 3.584990 8.774320
-22.019681 10.061065 2.566151
-21.125081 12.027741 0.156029
-13.596633 17.560075 -9.766344
-8.470088 17.837246 -13.779354
-5.632327 17.203089 -15.796452
-3.921523 16.612413 -17.768178
-3.923923 16.511950 -17.959639
-4.547740 14.409989 -19.562960
-6.691377 13.252647 -18.755518
-9.674203 12.662808 -17.241057
-12.936630 12.445734 -15.280879
-15.279175 12.217821 -13.661423
-21.717769 10.433265 -6.367865
-24.417489 7.705971 -0.159126
-24.565639 3.568664 6.871113
-23.456309 1.107781 10.129673
-17.224425 -3.920477 15.321024
-10.326763 -8.310904 18.283637
-3.191023 -12.063170 18.628245
4.275941 -15.219728 17.066207
6.878014 -15.855263 16.076943
16.755904 -16.726315 8.571856
18.667018 -16.734898 5.203915
17.842815 -17.242058 3.765237
15.312287 -18.492625 5.085349
14.246690 -18.831793 5.929310
5.217888 -20.121328 14.278801
-3.103484 -17.902414 17.870963
-11.537390 -12.717800 18.785968
-15.141721 -8.832117 17.983346
-17.713419 -3.077007 15.267808
-18.891715 4.728137 9.848457
-17.827395 9.192596 5.316815
-15.993705 12.819849 0.650106
-14.884560 14.205437 -1.563771
-9.411407 17.465904 -9.129773
-5.006753 17.562705 -12.107534
-1.366203 17.275963 -14.435047
1.595241 16.881944 -16.526272
1.691586 16.902818 -16.802728
3.617951 15.349965 -20.962574
1.691689 13.894421 -21.679791
-5.968011 11.368531 -19.035194
-13.957781 10.608356 -14.291539
-18.858224 9.633856 -9.836903
-22.646833 8.015104 -4.604076
-24.817562 5.748413 0.886730
-24.412230 2.787439 6.429993
-21.603526 -1.610407 13.214464
-17.196016 -4.481942 16.241767
-12.032332 -6.812296 17.664236
-9.385351 -7.901558 18.047486
-0.446332 -12.159880 17.909128
7.223408 -14.278301 15.526582
13.615049 -15.127976 11.741232
18.722758 -14.714427 6.723111
19.400784 -14.525651 5.796369
21.506380 -13.796729 -0.329490
19.847477 -15.323091 -0.059448
16.694679 -17.642975 3.272048
12.337539 -19.698144 8.240313
10.321247 -19.805026 9.628267
-4.086657 -18.171011 17.156424
-11.771292 -14.098265 17.873537
-17.571874 -8.475580 16.736881
-19.834105 -4.412621 15.087984
-21.469896 2.353047 10.859575
-20.635876 9.032371 4.855013
-17.687924 13.718682 -1.037377
-13.202194 16.673477 -6.229107
-11.051226 17.476789 -8.353060
-2.162216 17.207035 -13.576619
1.505130 16.464182 -15.494106
4.670754 15.720118 -17.653848
6.320276 14.916543 -19.746481
6.553183 14.738003 -19.971438
3.320015 14.104113 -21.747567
0.131587 14.312397 -21.392407
-4.341729 14.779180 -20.192517
-8.416428 15.074118 -18.549231
-13.131321 14.790538 -15.668280
-21.281350 11.945857 -7.392952
-24.550510 7.774692 -0.032101
-24.818880 3.301641 6.404653
-24.021476 0.861301 9.502644
-18.406196 -4.888038 15.715937
-5.739558 -11.218280 18.799877
1.478402 -13.569583 17.652511
3.093001 -13.859259 17.186176
14.908309 -15.213984 10.490604
18.491347 -15.420712 6.863996
19.240568 -16.040492 4.982828
18.241414 -17.195137 4.940800
16.326319 -18.135478 6.130704
10.484974 -20.174104 10.496008
4.383105 -20.201931 14.694641
-2.548453 -18.126456 17.906174
-6.012653 -16.139051 18.786106
-15.509392 -7.711522 17.571177
-19.342779 -1.877109 14.408205
-21.067462 3.987214 9.846200
-20.899554 9.420035 4.283284
-20.731489 10.339580 3.173805
-14.215672 17.323090 -8.792719
-8.097440 17.800052 -13.255943
-3.688192 17.077200 -15.433455
-1.574256 16.882988 -16.913749
-1.347976 16.781006 -17.403864
-0.964983 16.327163 -19.860888
-3.484955 15.520348 -19.947521
-7.060454 15.028368 -18.893352
-9.751635 14.934688 -17.609205
-14.114342 14.798974 -14.903167
-19.253866 14.044483 -9.898693
-22.164429 12.591370 -4.981909
-23.348287 10.289650 0.571004
-23.295017 9.252548 2.434644
-19.489265 3.410045 10.588414
-14.364340 -0.534051 13.916068
-7.341661 -4.927515 15.944311
-0.433905 -8.450532 16.041977
0.861312 -8.915256 15.844420
13.354618 -11.684740 10.418161
17.333952 -12.954624 7.422902
19.268020 -14.514386 5.123813
19.355418 -15.687920 4.104373
16.592337 -17.678656 4.996702
8.984003 -19.864023 8.211149
0.513424 -19.436691 11.404261
-8.569970 -16.573025 13.747868
-22.159290 -3.943675 12.231006
-24.031180 2.316699 8.095844
-23.840742 7.058268 3.455677
-22.905811 9.856821 -0.344818
-21.984904 11.917292 -3.075141
-17.254711 17.130540 -11.192973
-11.291069 17.669345 -14.705710
-7.548071 16.984257 -16.326601
-6.385318 16.633486 -16.598134
-4.980840 15.920671 -18.037530
-5.586119 15.058100 -18.718541
-7.709846 13.841681 -18.205108
-10.821403 12.559733 -16.532191
-11.273263 12.429586 -16.264564
-16.947190 12.045038 -12.162607
-20.460761 11.526187 -8.308421
-23.511383 9.600465 -2.727027
-24.749058 6.424198 2.928693
-23.609725 3.376573 6.776622
-17.594701 -5.260693 16.193198
-10.177029 -9.695459 18.588429
-3.224451 -11.897051 18.439679
1.055188 -12.599297 17.545477
8.537482 -13.574766 14.503283
14.007322 -14.444797 10.896164
17.475885 -15.476202 7.681953
18.660154 -16.233621 5.301033
18.317386 -16.530065 5.152142
14.783934 -18.621406 6.160953
10.136625 -19.960602 9.216914
4.395066 -20.275261 12.766311
-3.034235 -18.721547 16.323911
-4.227555 -18.127477 16.571555
-15.752628 -10.031782 17.368836
-19.630461 -3.902261 14.873155
-6.734087 9.681547 -17.815106
-11.110225 7.613372 -14.555037
7.100040 -20.301182 11.016042
0.892471 -19.846365 14.377673
-5.549127 -17.137466 16.234890
-15.513560 -10.710856 17.301428
-20.269219 -4.356541 14.711158
-22.461688 2.186906 10.363498
-22.293548 5.695715 7.435514
-19.050076 13.278610 -1.126029
-13.784502 16.802625 -7.662371
-8.531037 17.419932 -11.710102
-5.680644 17.160235 -13.699741
-5.249492 17.268583 -14.396873
-1.358025 16.895972 -17.802212
0.891562 15.882887 -20.043998
1.401943 14.176282 -21.211675
-0.575299 11.773496 -20.847372
-1.205363 11.343181 -20.551933
-9.439306 7.450637 -15.404146
-14.246106 6.739709 -11.931730
-18.324164 6.031545 -8.109123
-21.004010 5.031503 -4.684702
-22.781186 2.060252 0.661255
-22.615229 -4.024826 9.927948
-18.837101 -8.610656 14.906060
-14.004269 -11.892142 17.851123
-11.994475 -12.727321 18.434581
8.621785 -15.785360 14.992159
14.923231 -16.377860 10.363047
16.821067 -16.300394 8.306112
18.819198 -16.507224 3.600801
16.369736 -17.800224 3.992296
11.754512 -19.499262 6.887289
5.223416 -20.246113 11.155278
4.362124 -20.190334 11.700846
-10.005359 -15.350513 17.515014
-16.399753 -10.064230 16.834386
-20.948177 -3.846441 13.992565
-22.645379 1.458117 10.605550
-22.722408 4.197391 8.477226
-19.515091 13.301754 -1.440795
-15.186280 16.479689 -7.264188
-9.838599 17.464490 -11.492582
-7.379849 17.494663 -13.310721
-3.607151 17.094053 -15.513402
-0.856737 16.725200 -18.136760
0.641863 15.886880 -19.996138
0.327211 14.420392 -20.858216
0.045509 13.706251 -20.930039
-6.612423 9.637658 -17.836572
-11.481880 7.593069 -14.209588
-16.557097 6.324857 -9.794631
-20.660699 4.765751 -4.753978
-21.094672 4.328345 -3.906006
-22.779563 -3.449136 8.894128
-19.287431 -8.260923 14.259872
-12.801170 -12.555448 18.004443
-8.492209 -13.898895 18.923496
-2.471893 -14.606851 18.549358
5.596087 -15.199822 16.342060
11.577822 -15.370278 13.023529
16.494070 -15.343337 8.818376
18.160282 -15.340995 6.996811
18.102610 -16.912976 4.402559
14.811922 -18.621764 5.530128
9.292753 -19.824993 8.012091
3.233524 -19.904889 10.888095
2.034160 -19.783983 11.550256
-9.836349 -16.003584 15.732919
-14.936613 -12.429281 15.970404
-18.761242 -8.484167 15.027925
-23.837927 3.664747 7.480978
-23.590892 8.943771 1.515879
-21.980249 12.678459 -4.447084
-18.537465 15.024819 -9.635298
-18.001110 15.247360 -10.071625
-11.438397 15.886811 -14.765451
-10.319242 15.277819 -15.764216
-10.382547 14.402648 -16.091243
-11.167299 13.299605 -15.589223
-12.397663 12.265260 -14.792100
-15.137241 10.109643 -12.321173
-16.649266 8.912005 -10.608041
-18.372648 7.867268 -8.599619
-19.795508 7.055199 -6.769164
-21.935894 6.514086 -4.090081
-23.625700 5.922626 -1.027914
-24.491600 5.664590 1.177155
-24.731101 5.645642 3.144675
-24.696267 5.764479 3.484695
-23.646843 6.023362 5.906803
-22.309555 6.471055 6.660485
-20.815192 7.004481 6.758619
-19.059989 7.576994 6.580696
-18.843782 7.647888 6.542350
-15.894356 8.209911 6.056519
-12.938254 8.041825 5.867128
-11.806690 7.797890 5.970786
-11.365860 7.700847 5.971777
-9.242336 7.151931 6.155072
-8.246129 6.830818 6.242019
-7.279623 6.637296 6.171172
-6.702410 6.409532 6.253465
-5.900946 6.197431 6.182539
-5.143606 5.786841 6.437375
-4.573651 5.339005 6.770818
-4.301591 4.735228 7.396369
-4.330305 4.632773 7.479984
-4.281597 3.600195 8.641768
-4.311038 3.406620 8.923574
-4.086318 3.032485 9.281752
-3.906215 2.643219 9.722085
-3.836683 2.547246 9.841575
-3.756006 2.107159 10.599585
-3.774639 2.278400 10.366548
