28.267 -37.167 -48.567
28.233 -37.300 -48.267
28.233 -37.200 -48.567
28.200 -37.200 -48.400
28.267 -37.133 -48.500
28.233 -37.167 -48.600
28.233 -37.200 -48.433
28.200 -37.267 -48.167
28.300 -37.267 -48.200
28.267 -37.267 -48.300
28.200 -37.233 -48.500
28.233 -37.167 -48.533
28.267 -37.200 -48.533
28.300 -37.200 -48.400
28.300 -37.267 -48.267
28.200 -37.267 -48.333
28.267 -37.233 -48.533
28.300 -37.233 -48.433
28.333 -37.267 -48.200
28.233 -37.400 -48.200
28.200 -37.333 -48.433
28.167 -37.200 -48.500
28.267 -37.200 -48.567
28.300 -37.267 -48.433
28.267 -37.067 -48.433
28.200 -37.200 -48.200
28.167 -37.300 -48.367
28.167 -37.200 -48.600
28.233 -37.200 -48.567
28.167 -37.300 -48.333
28.300 -37.267 -48.400
28.267 -37.367 -48.167
28.267 -37.333 -48.300
28.167 -37.367 -48.433
28.200 -37.233 -48.467
28.267 -37.200 -48.533
28.300 -37.233 -48.400
28.267 -37.333 -48.300
28.233 -37.300 -48.200
28.200 -37.333 -48.367
28.233 -37.133 -48.500
28.167 -37.200 -48.567
28.233 -37.200 -48.633
28.200 -37.167 -48.600
28.233 -37.333 -48.267
28.167 -37.267 -48.333
28.167 -37.200 -48.600
28.200 -37.133 -48.700
28.300 -37.333 -48.267
28.300 -37.200 -48.333
28.200 -37.333 -48.200
28.300 -37.367 -48.233
28.200 -37.300 -48.400
28.200 -37.233 -48.567
28.233 -37.200 -48.567
28.333 -37.133 -48.467
28.367 -37.300 -48.167
28.333 -37.233 -48.200
28.200 -37.200 -48.367
28.233 -37.367 -48.300
28.167 -37.200 -48.433
28.267 -37.133 -48.500
28.200 -37.200 -48.600
28.233 -37.200 -48.367
28.333 -37.233 -48.233
28.300 -37.233 -48.333
28.167 -37.233 -48.333
28.167 -37.233 -48.533
28.233 -37.133 -48.567
28.267 -37.267 -48.433
28.167 -37.200 -48.333
28.200 -37.367 -48.167
28.167 -37.300 -48.333
28.233 -37.067 -48.567
28.233 -37.100 -48.700
28.267 -37.133 -48.567
28.333 -37.200 -48.300
28.300 -37.300 -48.300
28.167 -37.200 -48.233
28.200 -37.267 -48.267
28.267 -37.167 -48.633
28.267 -37.133 -48.567
28.267 -37.200 -48.467
28.267 -37.333 -48.233
28.300 -37.233 -48.567
28.267 -37.333 -48.233
28.133 -37.200 -48.467
28.167 -37.167 -48.533
28.200 -37.200 -48.500
28.267 -37.333 -48.267
28.233 -37.333 -48.267
28.167 -37.267 -48.367
28.167 -37.233 -48.533
28.200 -37.200 -48.667
28.300 -37.233 -48.467
28.300 -37.367 -48.267
28.233 -37.333 -48.200
28.167 -37.333 -48.200
28.333 -37.300 -48.267
28.133 -37.200 -48.567
28.200 -37.133 -48.567
28.267 -37.300 -48.433
28.200 -37.233 -48.067
28.267 -37.267 -48.433
28.300 -37.267 -48.167
28.200 -37.400 -48.167
28.367 -37.300 -48.300
28.200 -37.200 -48.533
28.267 -37.133 -48.533
28.233 -37.267 -48.500
28.300 -37.267 -48.300
28.167 -37.233 -48.500
28.233 -37.233 -48.333
28.167 -37.267 -48.467
28.267 -37.200 -48.600
28.267 -37.200 -48.533
28.333 -37.300 -48.333
28.233 -37.300 -48.200
28.233 -37.300 -48.267
28.200 -37.300 -48.367
28.267 -37.233 -48.300
28.267 -37.133 -48.633
28.333 -37.267 -48.367
28.267 -37.267 -48.267
28.333 -37.300 -48.200
28.400 -37.200 -48.500
28.233 -37.267 -48.467
28.200 -37.167 -48.533
28.233 -37.233 -48.533
28.333 -37.233 -48.367
28.267 -37.433 -48.267
28.333 -37.333 -48.233
28.200 -37.133 -48.367
28.100 -37.133 -48.533
28.333 -37.133 -48.533
28.300 -37.300 -48.233
28.300 -37.333 -48.100
28.300 -37.267 -48.200
28.267 -37.267 -48.433
28.300 -37.300 -48.100
28.300 -37.267 -48.567
28.400 -37.233 -48.400
28.267 -37.267 -48.233
28.267 -37.367 -48.167
28.200 -37.200 -48.633
28.133 -37.267 -48.500
28.233 -37.233 -48.567
28.233 -37.233 -48.233
28.300 -37.200 -48.567
28.267 -37.300 -48.500
28.333 -37.233 -48.433
28.267 -37.300 -48.167
28.200 -37.167 -48.500
28.333 -37.300 -48.133
28.167 -37.200 -48.500
28.233 -37.200 -48.667
28.267 -37.233 -48.467
28.267 -37.300 -48.300
28.333 -37.333 -48.233
28.267 -37.167 -48.367
28.233 -37.267 -48.433
28.233 -37.233 -48.433
28.300 -37.200 -48.567
28.400 -37.233 -48.333
28.400 -37.300 -48.167
28.233 -37.233 -48.200
28.333 -37.200 -48.433
28.300 -37.167 -48.567
28.267 -37.033 -48.667
28.367 -37.100 -48.433
28.400 -37.267 -48.333
28.300 -37.300 -48.267
28.300 -37.300 -48.300
28.267 -37.267 -48.500
28.333 -37.100 -48.667
28.367 -37.000 -48.867
28.467 -37.067 -48.600
28.367 -37.033 -48.467
28.333 -37.133 -48.567
28.200 -37.033 -49.167
28.333 -37.367 -48.867
28.333 -37.367 -49.467
28.267 -37.467 -49.367
28.200 -37.700 -49.133
28.200 -37.867 -49.067
28.200 -37.667 -49.400
28.167 -37.800 -49.367
28.233 -37.900 -49.367
28.333 -37.900 -49.300
28.333 -37.900 -49.067
28.300 -37.933 -49.000
28.400 -37.800 -49.133
28.300 -37.633 -49.200
28.233 -37.367 -49.567
28.367 -37.567 -49.333
28.200 -37.467 -49.433
28.433 -37.300 -49.233
28.400 -37.567 -48.833
28.433 -37.633 -48.633
28.267 -37.667 -48.600
28.233 -37.533 -48.633
28.200 -37.567 -49.000
28.200 -37.567 -48.867
28.300 -37.633 -48.800
28.333 -37.633 -48.633
28.167 -37.633 -48.500
28.167 -37.567 -48.733
28.267 -37.500 -48.700
28.300 -37.467 -48.933
28.333 -37.600 -48.733
28.267 -37.533 -48.633
28.267 -37.567 -48.567
28.233 -37.500 -48.700
28.200 -37.567 -48.800
28.233 -37.500 -49.000
28.233 -37.500 -48.933
28.300 -37.500 -48.900
28.300 -37.600 -48.667
28.300 -37.567 -48.600
28.233 -37.600 -48.667
28.167 -37.500 -48.867
28.267 -37.533 -48.600
28.333 -37.600 -48.300
28.200 -37.633 -48.600
28.167 -37.500 -48.533
28.133 -37.567 -48.667
28.200 -37.500 -48.833
28.367 -37.433 -48.900
28.200 -37.467 -48.800
28.267 -37.600 -48.567
28.200 -37.567 -48.633
28.167 -37.500 -48.733
28.167 -37.533 -48.800
28.333 -37.500 -48.867
28.300 -37.400 -48.833
28.233 -37.500 -49.000
28.200 -37.433 -48.933
28.267 -37.500 -48.800
28.267 -37.533 -48.633
28.233 -37.633 -48.533
28.133 -37.600 -48.733
28.100 -37.500 -48.800
28.233 -37.500 -48.967
28.233 -37.400 -48.867
28.200 -37.467 -48.633
28.267 -37.600 -48.600
28.267 -37.533 -48.633
28.167 -37.533 -48.867
28.300 -37.567 -48.567
28.200 -37.500 -48.833
28.300 -37.567 -48.633
28.200 -37.600 -48.600
28.167 -37.533 -48.633
28.133 -37.400 -48.867
28.267 -37.533 -48.933
28.267 -37.467 -48.933
28.267 -37.533 -48.767
28.367 -37.467 -48.767
28.233 -37.533 -48.600
28.200 -37.600 -48.767
28.267 -37.467 -48.833
28.167 -37.500 -48.833
28.233 -37.600 -48.767
28.367 -37.533 -48.600
28.233 -37.600 -48.533
28.233 -37.567 -48.633
28.133 -37.500 -48.800
28.233 -37.467 -48.800
28.233 -37.567 -48.833
28.300 -37.567 -48.633
28.267 -37.667 -48.500
28.200 -37.633 -48.567
28.133 -37.533 -48.867
28.200 -37.433 -48.900
28.433 -37.433 -48.867
28.367 -37.533 -48.667
28.167 -37.500 -49.033
28.300 -37.533 -48.700
28.300 -37.433 -48.767
28.333 -37.667 -48.600
28.233 -37.667 -48.600
28.267 -37.433 -48.700
28.233 -37.433 -48.967
28.267 -37.400 -48.900
28.267 -37.433 -48.933
28.300 -37.533 -48.667
28.300 -37.567 -48.533
28.200 -37.600 -48.667
28.267 -37.600 -48.833
28.367 -37.533 -48.467
28.367 -37.467 -48.800
28.300 -37.567 -48.567
28.233 -37.567 -48.600
28.267 -37.500 -48.633
28.233 -37.467 -48.867
28.200 -37.500 -48.967
28.233 -37.433 -48.867
28.233 -37.567 -48.767
28.367 -37.467 -48.733
28.233 -37.500 -48.633
28.267 -37.533 -48.800
28.133 -37.467 -48.933
28.300 -37.467 -48.967
28.233 -37.500 -48.767
28.300 -37.700 -48.567
28.367 -37.600 -48.600
28.233 -37.567 -48.700
28.167 -37.467 -48.900
28.267 -37.500 -48.867
28.267 -37.500 -48.900
28.233 -37.600 -48.700
28.300 -37.567 -48.600
28.300 -37.600 -48.600
28.200 -37.500 -48.833
28.233 -37.467 -48.900
28.300 -37.467 -48.867
28.333 -37.500 -48.700
28.233 -37.467 -48.900
28.233 -37.567 -48.533
28.200 -37.533 -48.767
28.200 -37.500 -48.967
28.233 -37.533 -49.000
28.300 -37.600 -48.500
28.133 -37.500 -48.967
28.300 -37.467 -48.867
28.133 -37.533 -48.967
28.200 -37.567 -48.633
28.200 -37.600 -48.667
28.300 -37.600 -48.733
28.233 -37.400 -48.900
28.300 -37.567 -48.533
28.267 -37.500 -48.700
28.300 -37.600 -48.567
28.233 -37.600 -48.600
28.233 -37.500 -48.833
28.200 -37.433 -49.000
28.233 -37.400 -48.933
28.333 -37.533 -48.667
28.300 -37.533 -48.600
28.300 -37.533 -48.667
28.233 -37.533 -48.733
28.200 -37.567 -48.933
28.267 -37.400 -48.900
28.333 -37.467 -48.867
28.167 -37.533 -48.900
28.267 -37.567 -48.533
28.167 -37.533 -48.600
28.267 -37.433 -48.700
28.233 -37.467 -48.900
28.367 -37.567 -48.667
28.300 -37.567 -48.800
28.333 -37.633 -48.600
28.267 -37.600 -48.533
28.200 -37.567 -48.600
28.167 -37.500 -48.800
28.300 -37.467 -49.000
28.233 -37.467 -48.867
28.367 -37.500 -48.600
28.233 -37.533 -48.833
28.267 -37.533 -48.667
28.167 -37.500 -48.867
28.167 -37.500 -49.000
28.267 -37.500 -48.933
28.233 -37.600 -48.600
28.233 -37.633 -48.567
28.167 -37.567 -48.600
28.167 -37.533 -48.733
28.233 -37.667 -48.600
28.133 -37.500 -48.667
28.300 -37.500 -48.833
28.267 -37.433 -48.867
28.300 -37.633 -48.567
28.300 -37.567 -48.733
28.233 -37.633 -48.500
28.200 -37.667 -48.567
28.167 -37.633 -48.767
28.167 -37.567 -48.967
28.267 -37.500 -48.933
28.300 -37.500 -48.800
28.300 -37.633 -48.500
28.233 -37.600 -48.567
28.233 -37.500 -48.767
28.167 -37.433 -48.867
28.200 -37.467 -48.900
28.333 -37.533 -48.700
28.133 -37.500 -48.800
28.233 -37.533 -48.600
28.233 -37.600 -48.700
28.167 -37.467 -48.800
28.167 -37.500 -48.900
28.300 -37.700 -48.600
28.267 -37.567 -48.600
28.233 -37.567 -48.533
28.233 -37.467 -48.600
28.167 -37.500 -48.833
28.200 -37.433 -48.933
28.267 -37.467 -48.900
28.267 -37.533 -48.733
28.333 -37.533 -48.633
28.233 -37.433 -48.767
28.167 -37.533 -48.700
28.200 -37.533 -48.933
28.233 -37.533 -48.867
28.300 -37.500 -48.800
28.200 -37.567 -48.700
28.233 -37.667 -48.567
28.200 -37.533 -48.700
28.167 -37.533 -48.833
28.167 -37.433 -49.000
28.233 -37.433 -48.933
28.267 -37.600 -48.667
28.200 -37.467 -48.867
28.267 -37.600 -48.500
28.300 -37.600 -48.533
28.300 -37.567 -48.533
28.167 -37.533 -48.767
28.200 -37.500 -48.933
28.200 -37.500 -48.933
28.333 -37.533 -48.733
28.333 -37.500 -48.533
28.200 -37.567 -48.533
28.233 -37.633 -48.533
28.233 -37.500 -48.900
28.267 -37.400 -48.833
28.267 -37.500 -48.733
28.200 -37.600 -48.500
28.200 -37.500 -48.867
28.233 -37.600 -48.567
28.233 -37.533 -48.867
28.267 -37.433 -48.933
28.200 -37.433 -48.933
28.200 -37.533 -48.600
28.367 -37.467 -48.600
28.267 -37.500 -48.567
28.233 -37.533 -48.733
28.200 -37.467 -48.900
28.200 -37.467 -48.900
28.267 -37.467 -48.800
28.300 -37.533 -48.600
28.300 -37.600 -48.567
28.300 -37.567 -48.600
28.200 -37.500 -48.767
28.167 -37.500 -48.933
28.167 -37.467 -48.900
28.367 -37.533 -48.667
28.267 -37.467 -48.700
28.300 -37.600 -48.600
28.133 -37.533 -48.900
28.267 -37.433 -48.900
28.333 -37.467 -48.933
28.333 -37.500 -48.733
28.267 -37.633 -48.533
28.200 -37.567 -48.667
28.167 -37.467 -48.767
28.133 -37.533 -48.567
28.167 -37.500 -48.700
28.167 -37.500 -48.833
28.167 -37.400 -48.933
28.200 -37.433 -48.900
28.333 -37.533 -48.700
28.267 -37.567 -48.633
28.267 -37.600 -48.500
28.200 -37.600 -48.533
28.233 -37.433 -48.867
28.200 -37.433 -48.900
28.300 -37.567 -48.967
28.300 -37.500 -48.700
28.200 -37.467 -48.900
28.300 -37.567 -48.767
28.100 -37.633 -48.900
28.200 -37.433 -48.933
28.300 -37.533 -48.767
28.233 -37.633 -48.567
28.200 -37.633 -48.533
28.300 -37.567 -48.600
28.200 -37.500 -48.733
28.267 -37.433 -48.900
28.300 -37.400 -48.933
28.333 -37.567 -48.800
28.267 -37.533 -48.633
28.267 -37.567 -48.633
28.267 -37.533 -48.567
28.267 -37.500 -48.733
28.233 -37.533 -48.933
28.200 -37.533 -48.833
28.267 -37.533 -48.667
28.167 -37.533 -48.800
28.233 -37.533 -48.567
28.167 -37.600 -48.767
28.133 -37.500 -48.900
28.367 -37.533 -48.867
28.333 -37.600 -48.667
28.267 -37.667 -48.533
28.233 -37.500 -48.633
28.200 -37.533 -48.733
28.233 -37.600 -48.667
28.267 -37.533 -48.867
28.333 -37.567 -48.700
28.300 -37.533 -48.567
28.300 -37.567 -48.767
28.267 -37.633 -48.600
28.233 -37.633 -48.500
28.200 -37.567 -48.633
28.233 -37.567 -48.567
28.200 -37.533 -48.900
28.300 -37.500 -48.800
28.200 -37.500 -48.667
28.267 -37.500 -48.633
28.133 -37.400 -48.900
28.300 -37.567 -48.800
28.200 -37.500 -48.933
28.267 -37.433 -49.000
28.267 -37.467 -48.933
28.233 -37.533 -48.600
28.267 -37.567 -48.633
28.133 -37.533 -48.767
28.167 -37.467 -48.900
28.233 -37.500 -48.933
28.267 -37.533 -48.833
28.267 -37.533 -48.667
28.233 -37.533 -48.500
28.233 -37.567 -48.567
28.233 -37.533 -48.533
28.200 -37.400 -48.967
28.267 -37.467 -48.767
28.333 -37.567 -48.667
28.233 -37.667 -48.600
28.167 -37.533 -48.800
28.167 -37.533 -48.833
28.233 -37.533 -48.867
28.300 -37.500 -48.933
28.333 -37.567 -48.833
28.333 -37.667 -48.567
28.333 -37.633 -48.533
28.300 -37.567 -48.533
28.233 -37.433 -48.833
28.200 -37.500 -48.733
28.267 -37.567 -48.833
28.300 -37.600 -48.567
28.267 -37.600 -48.567
28.200 -37.600 -48.667
28.300 -37.533 -48.767
28.233 -37.500 -48.967
28.300 -37.567 -48.800
28.100 -37.500 -48.700
28.067 -37.433 -48.833
28.267 -37.500 -48.833
28.300 -37.633 -48.567
28.333 -37.600 -48.533
28.233 -37.500 -48.833
28.200 -37.567 -48.900
28.167 -37.500 -48.967
28.267 -37.433 -48.900
28.233 -37.500 -48.767
28.333 -37.633 -48.567
28.267 -37.467 -48.500
28.133 -37.567 -48.700
28.167 -37.533 -48.867
28.233 -37.433 -48.867
28.367 -37.500 -48.633
28.233 -37.533 -48.567
28.133 -37.567 -48.600
28.200 -37.633 -48.700
28.300 -37.533 -48.533
28.200 -37.433 -48.900
28.300 -37.567 -48.800
28.367 -37.600 -48.633
28.367 -37.567 -48.567
28.233 -37.533 -48.900
28.267 -37.633 -48.800
28.267 -37.567 -48.867
28.200 -37.467 -48.833
28.233 -37.567 -48.733
28.233 -37.567 -48.600
28.333 -37.567 -48.567
28.200 -37.500 -48.800
28.233 -37.500 -48.900
28.200 -37.500 -48.933
28.300 -37.500 -48.833
28.300 -37.600 -48.533
28.200 -37.567 -48.600
28.133 -37.533 -48.700
28.267 -37.467 -48.733
28.267 -37.500 -48.900
28.300 -37.433 -48.833
28.267 -37.667 -48.600
28.233 -37.600 -48.500
28.333 -37.500 -48.600
28.267 -37.600 -48.533
28.233 -37.500 -48.633
28.233 -37.567 -48.767
28.200 -37.367 -48.867
28.200 -37.467 -48.967
28.233 -37.500 -48.767
28.333 -37.600 -48.600
28.267 -37.567 -48.600
28.233 -37.533 -48.733
28.200 -37.600 -48.867
28.167 -37.533 -48.933
28.267 -37.500 -48.867
28.367 -37.600 -48.567
28.233 -37.600 -48.533
28.133 -37.533 -48.767
28.167 -37.467 -48.967
28.200 -37.600 -48.533
28.367 -37.600 -48.733
28.333 -37.633 -48.567
28.267 -37.600 -48.600
28.200 -37.600 -48.767
28.200 -37.433 -48.967
28.233 -37.433 -48.967
28.300 -37.467 -48.800
28.267 -37.567 -48.633
28.300 -37.600 -48.533
28.267 -37.600 -48.500
28.133 -37.567 -48.900
28.133 -37.467 -48.933
28.233 -37.433 -48.900
28.167 -37.467 -48.967
28.333 -37.600 -48.533
28.300 -37.600 -48.533
28.300 -37.533 -48.800
28.300 -37.500 -48.767
28.233 -37.567 -48.667
28.300 -37.600 -48.733
28.333 -37.467 -48.567
28.267 -37.533 -48.600
28.133 -37.533 -48.767
28.133 -37.433 -48.933
28.467 -37.600 -48.967
28.267 -37.533 -48.733
28.267 -37.600 -48.733
28.267 -37.500 -48.933
28.267 -37.467 -48.733
28.367 -37.567 -48.667
28.300 -37.400 -48.433
28.367 -37.400 -48.667
27.967 -37.767 -48.800
27.900 -38.167 -48.333
27.467 -39.200 -47.200
26.733 -40.433 -45.900
26.767 -40.800 -45.433
26.967 -41.733 -44.867
26.733 -41.167 -45.500
26.233 -40.167 -46.433
25.800 -39.800 -46.367
25.867 -39.633 -46.600
25.733 -39.800 -46.167
25.767 -40.200 -45.933
25.967 -40.567 -45.967
26.133 -40.533 -46.067
26.133 -41.000 -45.700
25.733 -40.733 -45.667
25.833 -40.767 -45.633
25.833 -40.767 -45.467
25.800 -40.700 -45.533
26.233 -40.133 -46.533
26.267 -39.733 -47.067
26.433 -39.800 -47.167
26.400 -39.767 -47.367
26.500 -40.033 -46.900
26.333 -40.433 -46.433
26.067 -40.667 -46.267
25.933 -41.067 -45.900
26.100 -41.333 -45.433
26.000 -41.767 -45.400
25.900 -41.933 -45.133
25.900 -41.667 -45.133
25.900 -41.133 -45.633
25.900 -41.067 -45.800
25.867 -40.700 -46.000
25.833 -40.833 -45.767
25.867 -41.367 -45.133
25.800 -41.733 -44.800
25.767 -41.867 -44.600
25.867 -42.433 -44.767
25.767 -42.467 -44.800
25.733 -42.433 -45.000
25.733 -42.267 -45.033
25.733 -42.133 -45.200
25.833 -42.100 -45.233
25.800 -42.167 -45.333
25.800 -42.367 -45.033
25.767 -42.433 -45.400
25.767 -42.433 -45.567
25.867 -42.567 -45.633
25.867 -42.767 -45.200
25.967 -42.933 -45.200
25.967 -43.000 -44.967
25.767 -43.133 -45.367
25.800 -43.033 -45.533
25.867 -42.900 -45.567
25.833 -42.733 -45.733
25.933 -42.500 -45.567
25.900 -42.300 -45.400
25.933 -42.167 -45.433
25.867 -42.133 -45.633
25.800 -42.133 -45.900
25.833 -42.400 -45.733
25.933 -42.867 -45.467
25.767 -42.833 -45.633
25.733 -43.200 -45.267
25.633 -43.300 -45.633
25.567 -43.233 -45.767
25.733 -43.167 -45.967
25.800 -43.233 -45.600
25.800 -43.167 -45.833
25.700 -42.967 -45.733
24.333 -44.400 -45.067
24.200 -45.100 -44.567
24.233 -45.133 -44.567
24.033 -45.100 -44.400
24.100 -44.900 -44.367
23.933 -44.667 -44.500
24.000 -44.667 -44.633
23.933 -45.000 -44.667
23.900 -45.300 -44.267
23.533 -45.833 -43.567
23.500 -46.133 -43.133
23.200 -47.100 -42.967
23.100 -47.733 -42.500
23.000 -48.700 -41.633
22.767 -49.633 -40.600
22.433 -50.400 -39.567
22.000 -51.767 -38.367
21.667 -52.867 -37.067
21.367 -54.000 -35.433
20.900 -54.767 -34.233
20.067 -56.067 -31.567
19.567 -56.967 -29.800
19.100 -57.600 -28.300
18.900 -57.867 -27.467
18.933 -57.933 -27.200
18.333 -58.200 -25.400
18.067 -58.367 -24.200
18.000 -58.233 -23.700
17.933 -58.133 -23.300
17.967 -58.067 -23.467
18.167 -57.767 -23.200
18.167 -57.667 -23.300
18.100 -57.567 -23.333
18.067 -57.667 -23.733
18.167 -57.867 -23.800
18.233 -57.367 -24.467
18.133 -56.700 -25.800
18.367 -54.700 -28.333
19.300 -52.733 -31.433
21.700 -52.033 -34.767
23.367 -52.267 -35.467
22.800 -53.133 -34.100
22.600 -53.333 -34.067
22.600 -53.333 -34.100
22.200 -53.667 -33.667
22.000 -53.867 -33.500
21.667 -54.233 -33.200
21.333 -54.533 -32.800
21.300 -54.400 -33.000
21.567 -53.800 -33.100
22.033 -53.400 -32.533
22.967 -52.733 -32.500
23.500 -52.500 -32.633
24.267 -51.033 -32.233
23.667 -50.000 -31.500
22.800 -48.267 -29.933
22.300 -47.933 -30.000
21.567 -47.767 -30.000
21.000 -48.000 -29.933
20.233 -48.433 -29.500
19.700 -48.733 -29.333
18.800 -49.667 -27.967
18.100 -50.100 -27.367
18.067 -50.367 -27.067
18.100 -51.000 -26.333
18.167 -51.167 -25.933
19.100 -51.967 -24.433
19.700 -52.267 -23.567
20.833 -52.367 -22.933
22.333 -52.467 -22.767
22.667 -52.333 -22.967
24.367 -51.667 -22.833
25.833 -51.233 -22.500
27.567 -50.467 -23.233
28.600 -49.967 -23.900
30.500 -48.533 -25.167
32.900 -47.500 -26.167
35.733 -46.800 -26.200
38.200 -45.100 -27.533
38.433 -45.133 -27.167
40.433 -43.400 -26.733
40.867 -42.167 -27.267
41.533 -40.767 -27.500
42.800 -39.533 -27.533
43.067 -39.300 -27.400
42.867 -37.700 -27.000
41.467 -37.133 -26.867
41.200 -36.200 -27.100
41.600 -35.400 -27.000
41.700 -34.467 -27.533
42.000 -33.200 -27.933
42.133 -32.400 -27.933
42.333 -31.733 -28.033
42.233 -31.200 -28.533
41.900 -29.900 -29.367
41.933 -29.000 -30.067
41.733 -28.333 -30.533
40.733 -28.000 -30.933
40.667 -28.033 -30.867
39.800 -26.733 -32.033
41.000 -25.967 -32.267
41.067 -25.567 -32.700
40.367 -25.533 -32.867
39.833 -25.133 -33.267
39.400 -24.900 -33.733
39.000 -24.833 -33.867
39.000 -25.033 -33.633
38.167 -25.067 -33.567
38.167 -25.167 -33.700
38.233 -25.033 -33.833
38.067 -25.000 -33.800
38.000 -24.900 -33.833
37.833 -24.867 -33.367
37.900 -24.900 -32.800
38.133 -24.900 -32.267
37.933 -24.800 -32.100
37.833 -24.800 -31.400
37.933 -24.733 -30.600
38.233 -24.733 -29.700
38.567 -24.900 -28.900
38.567 -24.867 -28.900
39.433 -24.267 -28.233
40.033 -23.900 -28.100
40.800 -23.567 -27.433
41.500 -23.400 -26.900
41.867 -23.467 -26.433
42.500 -23.667 -25.433
43.367 -23.133 -25.133
44.300 -22.333 -25.300
45.300 -21.800 -24.933
46.400 -21.167 -25.000
47.767 -20.433 -24.633
48.900 -19.200 -24.667
49.667 -17.933 -25.200
49.733 -17.367 -25.833
51.233 -15.167 -26.300
52.167 -13.933 -26.333
53.400 -13.167 -25.800
55.067 -12.767 -24.533
55.267 -12.767 -24.400
57.133 -11.733 -23.300
57.567 -10.233 -23.667
58.133 -7.800 -24.067
59.033 1.000 -24.400
60.067 4.933 -22.833
62.400 8.000 -19.300
64.867 8.000 -14.900
65.133 7.767 -14.433
67.900 2.633 -9.333
68.467 -1.933 -7.533
68.033 -7.267 -4.933
67.400 -11.133 -2.100
65.700 -14.633 0.767
61.567 -20.033 7.467
57.633 -22.200 11.767
54.533 -23.067 14.767
52.733 -23.867 16.000
48.867 -23.333 20.767
47.767 -20.367 25.200
49.900 -14.033 28.700
54.400 -5.200 29.600
56.000 -3.100 28.967
64.967 5.867 19.233
68.400 7.600 10.333
68.933 9.100 -1.133
66.900 10.000 -9.933
64.900 10.933 -12.700
54.733 13.800 -25.133
46.633 14.133 -29.800
37.633 13.833 -32.633
33.200 14.767 -32.367
23.533 19.367 -28.800
17.767 25.300 -20.133
17.167 29.867 -10.867
20.800 33.300 -4.733
22.700 34.333 -3.067
33.300 36.200 -4.200
40.667 34.433 -9.433
48.500 29.833 -14.100
56.900 21.700 -16.700
57.867 20.367 -16.867
65.000 -0.667 -16.633
65.100 -10.133 -12.533
64.133 -17.367 -5.133
62.167 -21.133 2.100
58.833 -22.900 7.033
50.100 -22.733 20.100
47.267 -12.267 30.200
48.000 -9.867 30.733
52.733 2.033 32.033
57.200 4.600 28.967
61.800 5.800 24.333
64.800 6.067 20.100
68.167 7.067 12.300
69.500 7.833 -0.267
67.167 8.467 -10.667
61.667 9.300 -20.533
59.300 9.800 -23.000
46.300 10.667 -31.633
37.900 13.400 -32.733
27.733 17.333 -30.500
19.167 21.533 -24.333
18.133 22.067 -23.333
15.700 29.700 -9.433
19.633 33.067 -6.267
25.700 34.933 -6.733
31.167 35.333 -9.133
36.133 34.100 -11.500
49.667 27.533 -17.533
58.667 18.767 -18.100
64.600 7.600 -15.933
66.267 3.333 -14.033
67.667 -6.533 -6.133
66.500 -11.933 1.867
64.200 -17.600 8.700
58.400 -22.033 16.800
56.600 -22.467 18.167
49.700 -16.567 25.467
50.267 -10.667 28.067
53.233 -4.600 29.133
55.967 -0.400 28.567
57.367 0.400 27.900
63.267 1.733 22.167
66.600 0.967 16.833
69.067 0.167 10.100
69.967 -0.667 4.000
69.267 -0.833 -3.133
65.867 -0.267 -15.500
60.033 0.833 -24.000
52.200 1.200 -30.233
48.133 1.467 -32.300
17.167 10.133 -29.733
9.767 15.733 -20.700
6.833 18.500 -14.100
7.567 23.533 -6.100
11.467 28.400 -0.400
17.633 32.833 -0.033
26.867 35.867 -3.733
29.833 36.000 -5.867
49.467 29.600 -13.933
59.600 19.633 -15.567
65.200 9.500 -13.967
67.667 0.267 -10.467
67.833 -0.733 -9.867
66.467 -12.700 0.667
63.533 -18.667 5.533
57.933 -25.000 11.767
52.433 -25.433 16.700
47.367 -21.067 22.600
46.333 -19.467 24.833
47.233 -16.967 27.300
49.100 -13.900 29.133
50.667 -11.967 29.667
55.267 -9.100 28.567
59.233 -9.100 25.367
63.167 -10.033 20.100
66.133 -10.833 13.433
66.933 -10.700 11.167
67.733 -8.767 -7.100
63.333 -6.533 -18.300
55.600 -4.900 -27.333
46.633 -3.833 -32.733
42.000 -3.267 -33.933
25.267 0.333 -34.567
15.700 4.233 -30.333
8.433 8.933 -23.233
5.033 11.200 -17.900
3.500 17.033 -8.267
5.700 22.933 -1.733
11.267 28.533 -0.633
17.700 32.800 -3.367
20.433 33.700 -5.533
35.667 32.700 -16.333
45.867 27.367 -20.433
55.700 19.000 -21.300
67.033 -2.000 -11.333
67.300 -10.533 -0.367
64.567 -16.733 5.867
59.800 -23.500 11.667
56.267 -25.133 13.900
47.100 -22.733 21.167
45.033 -20.033 24.800
45.833 -15.900 28.800
47.733 -10.967 31.267
48.067 -10.433 31.467
53.167 -6.733 30.800
57.700 -6.067 27.667
62.433 -5.567 22.667
65.833 -4.800 17.367
68.133 -4.600 11.500
69.600 -3.433 -2.367
67.200 -2.267 -12.600
61.833 -1.000 -21.700
57.600 -0.867 -26.067
45.500 1.567 -32.800
34.033 4.633 -35.000
22.767 8.533 -32.600
13.767 13.133 -26.067
12.467 14.067 -24.300
6.633 20.333 -10.800
8.867 25.100 -5.733
13.967 29.967 -4.000
20.800 33.567 -5.833
23.433 34.067 -6.533
40.867 31.967 -15.733
51.667 25.600 -18.167
61.800 15.400 -16.200
65.700 9.233 -13.133
68.333 -3.233 -6.667
67.033 -11.867 -0.200
62.967 -19.367 5.133
57.567 -24.533 10.533
55.900 -25.167 12.300
49.000 -22.933 20.867
47.367 -20.800 24.033
46.667 -19.100 26.433
47.733 -16.133 28.633
48.033 -15.467 28.933
56.400 -6.267 28.300
65.867 -0.867 18.167
66.733 -0.267 16.267
70.100 1.267 3.700
69.133 3.100 -5.667
65.733 5.333 -15.233
58.867 6.800 -24.567
57.800 7.033 -25.500
43.133 11.800 -32.933
35.300 15.633 -32.433
26.933 18.167 -29.900
20.833 19.933 -26.433
15.600 23.067 -20.933
14.300 27.100 -13.667
18.700 30.233 -13.067
24.867 31.800 -15.267
28.400 31.900 -16.900
40.900 25.033 -24.700
49.767 14.967 -28.200
56.833 4.900 -26.567
61.600 -3.733 -21.567
62.000 -5.400 -20.733
64.200 -16.667 -8.633
63.767 -20.367 0.267
61.733 -23.033 8.500
58.567 -24.033 16.267
57.433 -23.633 17.900
50.400 -20.900 24.967
48.067 -19.133 26.500
48.000 -16.200 28.633
49.167 -13.533 29.500
53.733 -7.733 29.500
59.500 -2.967 26.300
63.700 -2.067 21.700
67.200 -2.500 15.100
68.167 -2.967 12.500
69.600 -2.067 -3.633
66.767 1.400 -13.767
60.433 6.467 -23.133
51.300 10.833 -29.667
49.733 11.633 -30.000
34.167 17.933 -31.100
25.233 21.067 -28.167
17.867 24.300 -21.567
15.867 26.400 -15.967
25.733 34.033 -8.633
33.067 34.700 -10.467
41.367 32.833 -13.533
42.367 32.267 -13.967
55.333 20.733 -19.500
60.800 12.200 -19.233
65.033 2.367 -16.167
66.533 -5.067 -11.733
66.500 -10.133 -7.100
61.167 -20.600 10.067
52.367 -23.200 17.667
46.600 -23.933 20.033
45.100 -23.300 21.767
42.900 -20.233 26.200
44.467 -14.200 31.067
48.200 -7.333 32.867
52.733 -1.133 32.067
53.100 -0.300 31.967
61.900 1.333 24.833
66.567 -0.567 17.833
69.300 -1.633 8.867
70.033 -0.733 -0.733
68.867 0.567 -4.933
59.033 6.300 -24.200
48.700 9.167 -30.867
38.633 12.567 -32.967
33.467 14.667 -32.667
22.033 17.967 -29.033
14.900 21.400 -22.067
12.267 24.967 -14.567
12.600 27.700 -8.633
13.267 28.900 -6.967
21.200 33.933 -5.633
27.533 35.033 -8.800
35.267 33.633 -14.400
43.833 28.100 -20.400
44.933 26.933 -21.100
59.767 7.900 -22.933
63.967 -4.700 -17.867
64.433 -14.767 -10.033
62.400 -20.367 -3.867
58.100 -24.900 2.467
47.600 -28.800 13.967
43.167 -27.267 17.500
39.833 -24.533 23.167
41.500 -16.733 30.800
45.033 -11.333 32.767
50.200 -7.867 32.200
54.067 -6.467 30.433
63.000 -5.967 21.667
66.367 -6.400 15.867
69.167 -5.767 5.800
68.800 -3.967 -6.333
67.200 -3.267 -12.000
56.533 1.533 -26.900
47.300 3.967 -32.500
36.900 6.067 -34.900
26.633 9.700 -33.700
24.833 10.467 -33.000
8.567 16.033 -19.467
5.767 19.567 -10.633
7.600 24.267 -4.600
12.267 29.000 -1.900
18.367 32.300 -3.067
31.933 35.067 -9.633
42.533 31.900 -15.200
53.067 23.967 -18.800
57.033 18.833 -19.600
65.233 3.000 -15.933
66.767 -7.800 -9.267
65.133 -15.200 -2.567
62.200 -22.267 3.967
61.333 -24.067 6.200
48.800 -27.233 17.600
44.967 -25.133 20.633
43.267 -22.833 23.700
43.900 -20.000 26.533
44.167 -19.367 26.833
51.267 -10.533 30.000
54.967 -8.400 28.800
58.667 -8.100 25.967
61.533 -8.067 22.900
65.400 -7.900 16.900
69.067 -6.300 5.067
68.933 -3.233 -5.967
65.333 1.000 -16.267
62.200 3.267 -20.967
46.767 8.833 -31.800
21.800 9.900 -32.100
14.500 11.200 -27.667
7.467 13.733 -20.000
4.100 18.133 -7.900
6.667 23.300 -2.200
12.700 29.267 -0.400
16.200 31.800 -0.500
31.667 35.533 -8.233
43.433 31.967 -14.567
53.133 25.100 -17.233
60.433 15.767 -17.633
61.333 14.067 -17.633
66.300 -3.167 -12.933
66.267 -10.300 -7.333
65.667 -15.533 -0.567
64.567 -20.833 5.600
61.667 -23.067 7.967
49.700 -26.133 16.833
46.667 -24.400 20.300
46.567 -20.900 23.967
47.200 -18.600 25.800
52.100 -10.633 28.400
55.433 -4.800 28.967
58.267 -3.233 27.267
62.100 -3.433 23.567
63.233 -3.900 22.000
68.200 -6.400 10.833
68.933 -8.333 2.800
67.767 -10.167 -5.200
64.700 -10.833 -13.533
63.200 -10.700 -15.467
51.600 -10.300 -28.633
41.733 -11.067 -32.833
33.433 -9.900 -34.200
27.567 -8.067 -34.033
18.633 -4.167 -31.567
7.400 2.867 -23.033
2.600 7.433 -14.233
1.333 13.200 -4.500
2.200 16.033 -1.100
9.733 26.667 4.267
17.433 32.600 -0.500
26.567 34.233 -9.833
39.233 29.700 -19.733
62.733 2.300 -20.500
63.267 -9.900 -16.667
61.067 -20.800 -9.500
59.733 -23.833 -6.333
49.333 -31.767 7.500
42.867 -30.900 14.267
39.700 -28.467 18.500
38.433 -25.433 23.300
38.633 -24.900 23.933
42.233 -16.467 31.267
46.233 -12.767 32.067
50.833 -11.000 30.833
55.367 -10.667 28.133
58.533 -10.500 25.733
66.167 -10.467 13.200
68.667 -8.967 2.267
67.167 -6.333 -10.667
64.800 -4.400 -16.733
54.033 -1.300 -27.900
43.133 2.433 -34.500
33.100 7.600 -35.233
23.333 13.333 -31.967
19.900 14.600 -30.267
8.267 19.933 -16.000
7.167 23.000 -8.433
9.900 26.867 -3.467
14.300 30.433 -3.633
15.833 31.033 -4.700
26.933 30.100 -18.933
37.500 24.967 -25.733
47.967 15.033 -29.300
52.067 7.633 -29.867
54.333 -3.267 -28.533
54.533 -17.400 -23.700
52.567 -24.833 -18.333
49.933 -30.267 -12.033
48.500 -32.067 -8.767
41.700 -35.233 3.200
35.933 -34.700 7.967
31.333 -33.400 12.033
27.833 -31.633 16.067
27.833 -31.400 16.700
28.300 -22.967 28.333
33.133 -16.600 33.367
46.467 -7.600 34.767
57.767 -6.067 28.600
64.033 -5.700 21.433
68.300 -5.300 12.333
70.033 -4.533 2.333
67.733 -3.667 -8.600
61.433 -2.033 -22.500
53.767 -0.933 -29.600
45.467 0.200 -33.700
41.367 0.933 -35.033
28.867 6.900 -35.033
18.567 10.633 -31.100
10.533 13.500 -24.300
4.667 15.300 -15.067
3.967 15.500 -13.333
3.833 19.933 0.367
7.600 25.033 2.733
12.500 29.433 -0.900
18.233 31.800 -8.367
20.900 31.700 -10.533
39.867 27.333 -22.867
49.933 20.267 -24.967
56.867 9.933 -25.467
59.067 2.200 -24.933
60.000 -10.233 -21.567
57.867 -21.833 -15.067
53.367 -29.433 -7.667
46.933 -34.133 -0.867
44.033 -35.133 2.233
32.200 -33.767 10.400
27.600 -31.733 13.967
24.033 -29.033 18.500
23.100 -25.200 23.933
22.967 -24.567 24.600
30.200 -18.233 32.200
35.367 -17.067 33.100
42.033 -16.833 32.300
47.833 -16.967 30.300
54.333 -16.633 26.233
65.033 -13.700 13.633
68.767 -9.233 1.933
68.100 -4.800 -8.933
66.367 -2.500 -14.400
56.500 1.733 -26.900
36.833 6.767 -35.100
26.667 9.867 -33.800
24.367 10.167 -33.267
9.167 14.467 -21.767
5.467 17.267 -14.367
5.833 20.933 -9.133
8.400 24.933 -6.867
11.600 27.367 -7.500
20.300 31.500 -12.433
28.167 30.367 -19.367
36.667 25.167 -25.900
40.733 20.833 -28.500
52.200 5.267 -30.000
56.900 -4.400 -26.767
58.833 -13.800 -21.300
58.433 -22.000 -13.900
58.233 -23.267 -12.300
49.933 -31.933 5.667
41.900 -31.733 12.700
36.167 -29.933 16.433
33.600 -28.933 19.167
33.600 -28.167 20.433
34.867 -23.967 27.200
39.867 -19.833 30.133
45.733 -17.333 30.367
49.633 -16.867 28.900
55.533 -16.967 24.867
61.700 -17.767 16.133
64.533 -18.033 7.067
64.533 -17.933 -3.700
63.933 -17.467 -7.267
56.000 -14.233 -23.533
47.633 -11.000 -30.500
37.133 -6.133 -34.733
27.500 -1.133 -34.967
25.700 -0.467 -34.700
9.467 5.700 -25.133
5.400 10.400 -18.267
4.633 16.433 -11.500
5.967 21.000 -7.367
11.567 27.367 -5.300
24.200 34.633 -5.867
36.533 35.167 -9.200
48.800 30.367 -13.067
64.667 6.200 -16.533
66.300 -4.767 -12.600
65.733 -12.233 -6.733
64.667 -15.833 -1.033
63.433 -18.733 2.833
56.933 -26.167 14.200
48.500 -27.267 18.767
43.533 -25.833 21.433
41.933 -25.300 21.833
40.933 -22.400 25.600
43.033 -18.667 28.900
47.233 -14.433 30.533
52.433 -10.833 29.867
53.133 -10.500 29.633
60.567 -10.800 23.133
64.500 -11.900 16.033
67.467 -11.600 5.933
68.100 -9.133 -3.933
65.700 -6.333 -10.800
55.033 1.600 -28.200
43.633 5.833 -33.600
33.167 7.400 -34.933
26.800 7.567 -34.500
16.467 9.067 -30.200
9.933 12.400 -23.233
6.733 17.067 -15.767
6.767 21.467 -9.333
7.667 22.733 -8.333
14.600 29.767 -5.933
21.600 32.800 -9.133
29.467 33.067 -14.233
38.967 29.233 -20.667
40.467 28.067 -21.300
54.367 12.233 -26.300
58.500 0.900 -25.167
48.167 -3.900 34.267
55.067 0.733 31.300
25.933 33.533 -11.400
34.200 32.200 -16.700
42.300 26.633 -20.833
54.467 14.067 -25.400
60.033 2.833 -23.733
62.167 -8.433 -19.400
61.367 -14.633 -16.400
56.100 -27.133 -5.967
48.800 -32.233 3.100
41.900 -32.367 9.433
38.433 -31.033 13.100
38.067 -30.733 14.500
33.800 -27.967 21.333
32.067 -23.767 27.033
33.133 -17.800 31.967
38.000 -10.133 35.433
39.200 -8.867 35.633
52.833 1.133 32.633
59.400 1.967 27.633
64.467 1.833 21.233
67.567 2.067 15.333
69.200 4.733 6.367
67.033 9.733 -10.100
60.367 13.567 -19.667
52.300 15.633 -26.300
49.000 15.833 -28.067
17.533 14.600 -28.667
10.033 17.900 -19.933
8.033 19.033 -15.900
7.800 24.333 -4.633
12.700 29.167 -2.367
20.000 33.400 -4.700
29.067 34.500 -10.600
30.167 34.233 -11.533
47.967 23.033 -23.567
55.867 13.467 -24.433
61.333 2.800 -22.067
62.833 -6.567 -18.967
62.467 -11.467 -16.900
57.100 -26.467 -4.867
51.200 -30.867 3.400
44.000 -31.867 9.667
40.900 -31.300 12.767
36.067 -29.933 16.567
33.267 -27.400 22.100
32.467 -23.667 27.067
34.600 -18.200 31.433
35.633 -15.900 32.733
48.000 -3.833 34.300
55.500 0.600 30.667
62.300 1.967 24.100
67.200 2.667 15.633
67.700 3.100 14.267
67.600 9.567 -8.033
61.333 13.733 -18.133
50.567 16.467 -26.633
43.400 16.067 -30.133
33.667 14.367 -32.200
21.500 13.300 -30.967
13.400 13.933 -26.000
7.600 15.900 -18.267
5.900 17.100 -14.600
8.800 24.933 -5.733
14.967 30.567 -4.300
23.767 34.567 -5.600
32.467 35.267 -9.033
34.033 34.900 -10.133
49.300 27.067 -18.167
55.533 20.233 -20.067
60.067 13.000 -20.200
65.433 -7.900 -12.867
65.267 -15.200 -4.267
63.800 -19.100 5.433
59.600 -21.367 13.700
58.800 -21.800 14.200
50.033 -22.067 21.333
49.167 -19.833 24.000
50.100 -16.900 26.033
51.900 -13.900 26.667
54.233 -11.167 26.733
58.867 -6.400 24.867
61.200 -4.200 22.933
63.600 -2.667 20.167
65.433 -1.767 17.367
67.767 -2.233 12.467
69.100 -3.367 6.333
69.333 -4.900 1.467
68.467 -7.233 -3.500
68.100 -8.033 -4.567
64.500 -12.633 -11.933
61.367 -15.800 -15.367
58.333 -18.467 -17.300
55.000 -21.067 -18.733
54.600 -21.367 -18.867
49.400 -24.367 -20.267
44.500 -25.700 -21.500
42.633 -25.933 -22.200
41.933 -25.967 -22.367
38.500 -26.133 -23.533
36.933 -26.033 -24.000
35.433 -26.067 -24.200
34.533 -25.933 -24.500
33.333 -25.800 -24.567
32.133 -25.500 -25.200
31.233 -25.067 -25.867
30.767 -24.367 -26.900
30.833 -24.167 -26.967
30.700 -22.800 -28.700
30.700 -22.600 -29.167
30.333 -22.167 -29.767
30.000 -21.767 -30.533
29.867 -21.700 -30.767
29.533 -21.500 -32.233
29.600 -21.667 -31.833
