-27.865 13.588 -17.431
5.787 31.032 -10.473
30.941 5.538 -20.675
32.204 12.465 -15.517
32.721 10.629 -11.014
33.739 7.412 -11.105
32.979 8.587 -15.718
32.250 9.127 -16.206
32.306 9.172 -16.134
32.141 9.167 -16.198
32.345 9.229 -16.265
32.339 8.998 -16.153
32.377 9.056 -16.304
32.344 9.095 -16.085
32.896 7.735 -16.608
31.846 8.921 -16.936
32.363 8.866 -16.158
32.287 8.880 -16.018
32.348 8.891 -15.975
32.576 8.882 -16.196
32.522 8.848 -16.377
32.464 8.785 -16.326
32.422 8.920 -16.387
32.454 8.978 -16.195
32.320 8.846 -15.996
32.339 8.913 -16.412
32.365 8.976 -16.010
32.330 9.449 -16.550
31.850 10.182 -16.370
31.792 10.586 -15.992
31.668 10.582 -16.407
31.815 10.951 -16.169
31.380 11.948 -16.262
31.018 13.038 -16.458
30.601 13.909 -16.393
30.498 14.505 -16.188
30.707 14.407 -16.217
30.554 14.496 -16.343
30.307 14.643 -16.252
30.293 14.674 -16.124
29.950 15.570 -16.006
29.338 16.847 -16.192
28.504 18.147 -16.244
27.902 19.347 -16.011
27.412 19.809 -15.875
27.594 19.714 -16.407
27.482 19.874 -15.882
27.084 20.688 -15.826
26.220 21.722 -15.818
25.232 22.789 -16.065
24.473 23.590 -15.931
23.854 24.329 -15.793
23.716 24.467 -15.857
23.721 24.493 -15.601
23.723 24.407 -15.654
23.432 24.785 -15.934
22.350 25.707 -15.561
21.349 26.409 -15.751
20.219 27.413 -15.817
19.373 27.985 -15.539
18.999 28.305 -15.714
19.110 28.416 -15.879
18.918 28.384 -16.025
18.986 28.362 -15.778
16.801 29.768 -15.998
14.916 30.747 -15.650
13.908 31.298 -15.814
14.124 31.050 -15.944
14.080 31.148 -16.044
13.766 31.453 -15.579
12.212 31.997 -15.649
11.010 32.438 -15.941
9.770 32.751 -15.641
8.673 33.283 -15.778
8.129 33.063 -16.285
8.251 33.117 -16.054
8.052 33.252 -15.900
8.057 33.146 -15.985
7.203 33.458 -15.768
6.158 33.627 -15.941
5.248 34.140 -15.794
4.307 34.009 -16.021
3.619 33.980 -16.174
2.604 34.207 -15.790
1.982 34.397 -15.633
1.945 34.274 -15.977
1.995 34.183 -15.853
1.951 34.329 -15.844
2.170 34.262 -16.053
1.433 34.381 -15.907
0.678 34.459 -15.560
-0.293 34.355 -15.671
-1.260 34.322 -15.703
-2.261 34.470 -15.772
-3.197 34.504 -15.885
-3.827 34.180 -15.794
-3.923 34.067 -15.943
-4.107 34.202 -15.844
-4.092 34.312 -15.653
-5.045 34.020 -15.795
-6.240 33.946 -15.589
-7.381 33.653 -15.535
-8.244 33.386 -15.962
-9.021 33.157 -15.960
-9.701 33.056 -15.779
-9.901 33.110 -15.818
-9.754 32.914 -15.745
-9.931 33.161 -15.509
-9.831 33.193 -15.614
-9.739 33.060 -15.836
-9.815 33.094 -15.838
-11.059 32.617 -15.732
-12.572 32.127 -15.779
-13.876 31.733 -15.649
-14.848 31.001 -15.896
-15.412 30.901 -15.575
-15.402 30.998 -15.732
-15.709 31.067 -15.593
-16.553 30.366 -15.464
-17.420 29.971 -15.764
-18.234 29.500 -15.482
-19.455 28.736 -15.697
-20.190 28.233 -15.683
-20.633 28.031 -15.508
-20.694 27.799 -15.605
-20.708 27.998 -15.649
-21.496 27.399 -15.748
-22.337 26.532 -15.756
-23.071 25.930 -15.681
-23.961 25.262 -15.671
-24.688 24.560 -15.605
-25.080 24.059 -15.659
-25.219 24.158 -15.482
-24.939 23.962 -15.838
-25.100 24.093 -15.625
-25.224 24.058 -15.542
-26.012 23.157 -15.574
-26.894 21.988 -15.641
-27.844 21.049 -15.322
-28.495 19.949 -15.592
-28.978 19.647 -15.620
-28.687 19.647 -15.527
-28.879 19.648 -15.593
-29.133 19.279 -15.551
-29.836 18.372 -15.329
-30.458 17.274 -15.649
-31.140 16.270 -15.460
-31.599 15.399 -15.326
-31.868 14.565 -15.530
-31.488 14.339 -15.924
-31.797 14.563 -15.315
-31.773 14.464 -15.225
-32.312 13.431 -15.418
-32.730 12.194 -15.427
-33.061 11.194 -15.581
-33.649 10.055 -15.287
-33.613 8.993 -15.616
-33.873 9.017 -15.165
-33.713 9.052 -15.108
-34.006 8.285 -15.197
-34.258 7.152 -15.354
-34.483 5.681 -15.160
-34.581 4.345 -15.265
-34.873 3.747 -15.206
-34.815 3.512 -15.314
-34.809 3.511 -15.122
-34.842 3.311 -15.061
-34.854 2.143 -15.039
-35.037 0.839 -14.781
-35.061 -0.392 -15.209
-34.906 -1.624 -15.072
-34.868 -2.160 -15.155
-34.845 -2.389 -15.184
-35.005 -2.596 -14.757
-34.970 -2.326 -15.029
-35.010 -2.192 -15.088
-34.975 -2.259 -15.085
-34.851 -2.159 -15.038
-34.998 -2.128 -14.909
-34.832 -3.721 -15.133
-34.574 -5.955 -15.053
-34.216 -7.523 -14.645
-34.095 -8.020 -14.798
-34.147 -7.989 -14.636
-34.017 -8.216 -14.935
-33.586 -9.748 -14.749
-32.937 -11.912 -14.611
-32.647 -12.772 -14.918
-32.572 -13.172 -14.781
-32.509 -13.138 -14.892
-32.395 -13.434 -15.096
-32.463 -13.273 -14.699
-32.385 -13.242 -14.781
-32.504 -13.374 -14.828
-31.663 -14.736 -14.487
-31.175 -16.061 -14.677
-30.549 -17.023 -14.635
-30.042 -17.820 -14.586
-29.605 -18.449 -14.617
-29.500 -18.481 -14.597
-29.663 -18.453 -14.374
-29.794 -18.350 -14.618
-29.771 -18.321 -14.318
-29.801 -18.478 -15.019
-29.853 -18.248 -14.717
-29.706 -18.385 -14.434
-29.913 -18.320 -14.474
-29.469 -19.016 -14.447
-28.313 -20.408 -14.262
-27.086 -22.032 -14.206
-26.270 -22.926 -14.096
-26.219 -22.925 -14.188
-26.186 -22.922 -14.386
-26.053 -22.991 -14.144
-26.194 -23.090 -14.303
-25.898 -23.286 -14.355
-25.173 -24.051 -14.015
-24.551 -24.613 -14.036
-24.066 -25.176 -14.019
-23.665 -25.603 -14.262
-23.053 -26.070 -13.856
-22.413 -26.662 -14.119
-21.832 -26.990 -14.138
-21.935 -27.030 -13.747
-21.864 -27.022 -14.290
-21.881 -26.959 -14.047
-21.975 -26.991 -14.084
-21.956 -26.994 -13.913
-21.770 -27.158 -14.042
-20.705 -27.819 -13.908
-19.499 -28.576 -13.959
-18.578 -29.209 -13.490
-17.726 -29.699 -13.799
-16.864 -30.295 -13.773
-16.825 -30.126 -13.775
-16.904 -30.130 -13.567
-16.923 -30.165 -13.461
-16.888 -30.125 -13.804
-16.100 -30.630 -13.369
-13.850 -31.813 -13.527
-11.994 -32.337 -13.516
-11.279 -32.571 -13.520
-11.085 -32.597 -13.166
-11.102 -32.634 -13.210
-11.128 -32.634 -13.298
-11.034 -32.598 -13.403
-10.092 -33.125 -13.665
-8.278 -33.519 -13.306
-6.336 -33.775 -13.324
-5.011 -34.114 -12.970
-4.697 -34.012 -12.990
-4.670 -34.045 -12.903
-4.698 -33.971 -13.341
-3.938 -34.307 -13.276
-2.205 -34.161 -13.318
-0.350 -34.365 -13.050
1.258 -34.294 -13.280
1.871 -34.224 -13.099
1.881 -34.196 -13.115
1.863 -34.322 -13.076
2.050 -34.355 -13.341
1.993 -34.421 -13.592
1.869 -34.263 -12.940
3.191 -34.158 -13.365
5.055 -33.958 -13.229
7.095 -33.710 -13.220
8.339 -33.396 -13.633
8.806 -33.354 -13.438
8.801 -33.313 -13.642
8.661 -33.351 -13.449
9.682 -33.088 -13.477
11.720 -32.491 -13.648
13.524 -31.762 -13.992
14.718 -31.232 -14.296
15.190 -31.249 -14.527
15.076 -31.065 -14.250
14.970 -30.965 -14.346
16.152 -30.536 -14.288
17.961 -29.682 -14.619
19.157 -28.707 -15.026
20.192 -28.063 -15.017
20.435 -27.989 -15.451
20.537 -27.830 -15.165
20.571 -27.784 -15.242
21.581 -26.927 -15.346
23.005 -25.848 -15.356
24.218 -24.654 -15.592
24.855 -23.789 -16.216
25.118 -23.858 -16.401
25.368 -23.515 -16.091
26.199 -22.383 -16.417
26.790 -21.260 -16.639
27.682 -20.174 -16.738
28.394 -19.057 -16.708
28.513 -18.871 -16.585
28.894 -18.749 -16.831
29.614 -17.201 -17.040
29.785 -15.911 -16.945
30.279 -14.660 -17.001
30.841 -13.969 -16.836
30.795 -13.829 -17.066
31.010 -13.909 -17.003
31.172 -12.835 -16.980
31.954 -10.625 -17.220
32.404 -9.093 -16.848
32.648 -8.425 -16.628
32.428 -8.545 -16.952
32.665 -7.655 -16.897
33.120 -6.335 -16.783
33.236 -4.980 -16.570
33.150 -4.049 -16.639
33.340 -3.428 -16.733
33.260 -2.947 -16.693
33.566 -2.963 -16.799
33.305 -2.863 -16.530
33.198 -2.101 -16.657
33.423 -0.252 -16.755
33.477 1.621 -16.435
33.312 2.578 -16.265
33.416 2.821 -16.444
33.465 2.972 -16.762
33.195 5.223 -16.318
32.891 7.428 -16.306
32.559 8.215 -16.634
32.642 8.779 -16.227
32.477 8.880 -16.601
32.987 7.028 -16.342
31.649 12.651 -19.104
29.206 18.644 -17.486
