-28.335 11.967 -19.735
-1.268 27.639 -14.531
29.698 9.072 -16.558
32.165 4.414 -17.910
31.398 3.915 -18.315
30.932 1.952 -21.188
32.532 3.549 -18.451
32.532 0.854 -18.383
32.532 1.520 -18.282
32.532 8.740 -16.795
32.332 9.638 -16.491
32.232 9.405 -16.491
32.298 9.538 -16.525
32.398 9.538 -16.322
32.532 9.538 -16.322
32.498 9.605 -16.221
32.398 9.538 -16.457
32.398 9.572 -16.423
32.398 9.572 -16.491
32.398 9.605 -16.356
32.532 9.572 -16.491
32.298 9.605 -16.457
32.365 9.605 -16.390
32.432 9.438 -16.761
32.465 9.572 -16.187
32.465 9.572 -16.525
32.332 9.572 -16.254
32.398 9.538 -16.592
32.298 9.538 -16.288
32.398 9.505 -16.423
32.565 9.039 -16.322
32.398 6.311 -18.147
32.065 5.878 -19.126
31.598 5.213 -19.532
31.498 4.747 -20.410
31.498 4.780 -20.039
33.432 4.481 -16.795
32.065 4.215 -19.228
31.998 4.248 -19.329
32.165 4.181 -19.126
32.198 4.181 -19.126
31.898 4.048 -18.991
31.865 4.115 -19.059
31.798 4.082 -19.093
31.798 4.082 -19.363
31.765 4.115 -19.160
31.765 4.115 -19.126
31.965 3.948 -19.464
31.832 3.882 -19.397
31.832 4.115 -19.126
31.865 3.882 -19.430
31.765 3.915 -19.464
31.798 4.048 -19.194
31.932 3.982 -19.126
31.765 3.982 -19.295
31.832 3.948 -19.464
31.832 4.148 -19.160
31.798 3.849 -19.464
31.765 3.915 -19.397
31.698 3.915 -19.295
31.798 4.015 -19.093
31.798 4.115 -19.160
31.698 3.882 -19.430
31.698 3.982 -19.228
31.732 3.948 -19.397
31.932 3.217 -19.329
31.865 2.518 -19.667
31.665 3.183 -19.937
31.598 3.183 -19.532
31.698 3.283 -19.532
31.698 3.283 -19.498
31.798 3.383 -19.295
31.598 3.316 -19.329
31.465 3.183 -19.870
31.632 3.183 -19.768
31.665 3.150 -19.633
31.732 3.316 -19.295
31.632 3.283 -19.329
31.732 3.283 -19.228
31.832 3.383 -19.160
32.565 2.917 -18.147
32.698 2.784 -17.640
32.265 2.784 -18.248
32.232 3.050 -18.721
32.065 3.117 -18.687
32.132 3.050 -18.822
32.132 3.183 -18.484
32.065 3.083 -18.822
32.098 3.150 -18.822
32.198 3.150 -18.687
32.198 3.183 -18.789
32.098 3.183 -18.620
32.132 2.984 -18.890
32.032 3.117 -18.822
31.698 4.181 -19.093
31.432 5.412 -19.329
30.832 6.377 -19.904
30.465 7.242 -20.309
29.965 8.407 -20.478
29.498 9.438 -21.052
29.032 10.337 -21.390
28.465 11.069 -21.559
27.865 11.901 -21.897
27.398 12.633 -22.134
26.732 13.398 -22.303
25.965 14.163 -22.674
25.298 14.795 -22.877
24.965 15.461 -23.113
24.532 15.993 -23.249
23.932 16.392 -23.451
23.332 17.025 -23.519
22.832 17.357 -23.755
22.332 17.923 -23.620
21.732 18.622 -23.789
20.965 19.054 -23.992
20.465 19.753 -24.161
19.632 20.152 -24.431
18.565 20.751 -24.668
17.532 21.283 -24.803
16.732 22.015 -24.870
15.532 22.348 -25.512
14.598 22.814 -25.614
13.565 23.446 -25.445
12.298 24.012 -25.648
11.265 24.478 -25.512
9.832 24.877 -25.749
8.798 25.176 -25.850
7.798 25.476 -25.952
6.698 25.675 -26.087
5.665 25.642 -26.188
4.665 26.075 -26.053
3.432 26.341 -25.918
2.365 26.374 -26.019
1.532 26.474 -26.053
0.965 26.341 -26.188
0.632 26.507 -25.749
-0.268 26.474 -25.783
-1.435 26.441 -25.952
-2.868 26.574 -25.580
-4.202 26.374 -25.681
-5.268 26.374 -25.310
-6.335 26.274 -25.343
-7.402 25.709 -25.783
-8.835 25.742 -25.107
-10.302 25.309 -24.769
-11.402 25.143 -24.870
-12.602 24.744 -24.634
-13.502 24.411 -24.330
-14.402 23.979 -24.431
-15.302 23.746 -24.262
-16.368 23.180 -24.262
-17.168 22.814 -23.958
-18.068 22.448 -23.722
-18.702 21.949 -23.620
-19.335 21.616 -23.418
-19.468 21.649 -23.181
-20.068 21.184 -23.046
-21.035 20.452 -23.080
-22.035 19.720 -22.776
-22.902 19.121 -22.167
-23.702 18.289 -22.134
-24.302 17.923 -21.593
-25.002 17.324 -21.390
-25.568 16.725 -21.188
-26.435 15.860 -21.627
-27.002 15.394 -20.985
-27.602 14.463 -20.579
-28.735 12.999 -20.039
-29.735 11.601 -19.566
-30.368 10.536 -19.059
-31.202 9.339 -18.282
-31.802 8.174 -17.876
-32.202 6.610 -17.775
-32.735 5.379 -16.964
-33.268 4.148 -16.727
-33.768 2.917 -15.815
-33.935 1.852 -15.748
-34.068 0.987 -15.173
-34.368 -0.277 -14.734
-34.635 -1.575 -14.599
-34.468 -2.839 -14.159
-34.668 -4.203 -13.180
-34.802 -5.734 -12.673
-34.302 -7.231 -12.335
-34.268 -8.462 -11.794
-34.068 -9.593 -11.220
-33.802 -10.858 -10.950
-33.468 -11.922 -10.848
-33.535 -12.022 -10.814
-33.502 -12.521 -10.308
-32.702 -14.385 -9.598
-32.368 -15.416 -9.699
-31.535 -16.747 -8.821
-31.168 -18.344 -8.449
-30.202 -19.742 -7.773
-29.268 -21.372 -7.098
-28.302 -22.703 -7.030
-27.202 -23.834 -6.354
-26.602 -24.699 -5.915
-26.002 -25.265 -5.881
-25.302 -25.830 -5.543
-25.002 -26.130 -5.273
-24.402 -26.862 -5.341
-23.535 -27.494 -5.239
-22.668 -28.293 -4.901
-21.968 -28.891 -4.800
-21.068 -29.457 -4.462
-20.402 -29.856 -4.361
-19.702 -30.289 -3.854
-18.968 -30.622 -3.719
-18.468 -31.121 -3.854
-17.702 -31.620 -3.955
-17.135 -31.953 -3.753
-16.535 -32.219 -3.888
-15.702 -32.418 -3.313
-15.035 -32.685 -3.178
-14.335 -33.017 -3.280
-13.668 -33.317 -3.043
-12.935 -33.616 -3.077
-12.568 -33.849 -3.212
-11.802 -33.949 -3.043
-11.802 -34.015 -3.009
-11.735 -33.949 -3.009
-11.135 -34.282 -2.874
-10.202 -34.415 -2.807
-9.302 -34.714 -2.469
-8.702 -34.714 -2.469
-7.835 -35.014 -2.435
-7.168 -35.113 -2.739
-6.768 -35.213 -2.536
-5.868 -35.346 -2.604
-4.568 -35.513 -2.367
-3.502 -35.579 -2.435
-2.768 -35.679 -2.570
-1.868 -35.812 -2.773
-1.235 -35.746 -2.435
-1.168 -35.712 -2.705
-0.968 -35.812 -2.570
-0.302 -35.712 -2.367
0.798 -35.712 -2.604
2.398 -35.546 -2.502
4.032 -35.546 -3.077
5.432 -35.446 -3.482
6.765 -35.080 -3.144
7.698 -35.014 -3.651
9.198 -34.481 -3.415
10.398 -34.248 -3.651
11.332 -33.916 -4.023
12.298 -33.550 -4.192
13.632 -33.051 -4.327
14.832 -32.784 -5.070
16.032 -32.152 -5.070
16.965 -31.587 -5.206
17.932 -31.054 -5.645
19.165 -30.389 -5.780
20.265 -29.723 -6.050
21.398 -28.891 -6.456
22.298 -28.193 -7.199
23.398 -27.128 -7.368
24.398 -26.097 -7.740
25.532 -24.965 -8.618
26.832 -23.834 -8.888
27.698 -22.669 -9.598
28.932 -20.973 -10.308
29.565 -19.542 -10.950
30.465 -17.845 -11.321
31.198 -16.082 -12.301
31.865 -14.385 -12.909
32.365 -12.588 -13.416
32.565 -10.958 -13.991
32.898 -9.726 -14.666
33.065 -8.728 -15.443
33.098 -7.198 -15.207
33.165 -6.200 -16.221
33.165 -4.835 -16.423
33.065 -3.837 -16.727
33.032 -2.506 -17.200
33.032 -1.209 -17.403
32.698 0.089 -18.079
32.398 1.087 -18.518
32.265 2.252 -18.721
31.898 3.117 -18.957
31.898 3.483 -19.025
31.732 3.616 -18.890
31.765 6.211 -17.572
32.732 13.431 12.905
