-39.533
-39.467
-39.433
-39.4
-39.4
-39.433
-39.533
-39.767
-39.767
-39.633
-39.533
-39.533
-39.5
-39.567
-39.467
-39.6
-39.667
-39.8
-39.767
-40.067
-39.833
-40.067
-39.833
-39.767
-38.1
-37.2
-36.867
-36.933
-37.1
-38.533
-38.4
-37.167
-35.067
-33.2
-25.067
-18.6
-11.633
-7.033
-4.967
1.067
3.267
4.7
4.633
3.867
0.133
-4
-8.8
-13.5
-33.4
-33.867
-37.333
-38.4
-38.467
-37.5
-37.1
-32.267
-29.467
-27.133
-25.333
-25.133
-23.1
-22.7
-22.367
-22.833
-23.067
-27.1
-29.933
-33.333
-35.967
-36.4
-38.433
-37.133
-34.267
-29.9
-28.067
-17.967
-12.233
-5.733
-0.7
1.033
9.333
12.867
15.3
16.333
16.167
12.167
8.5
3.767
0.567
-6.533
-12.7
-18.533
-25.5
-31.533
-34.8
-38
-39.567
-39.567
-36.433
-33.333
-30.333
-27.367
-26.533
-22.367
-20.467
-18.7
-18.133
-18.4
-19.367
-21.467
-24.4
-26.3
-31.833
-36.433
-39.267
-41.3
-41.533
-40.167
-36.667
-32.067
-25.6
-24.433
-10.867
-3.5
3.3
7.933
9.067
15.433
17.333
17.067
15.467
12.633
5.667
-0.367
-6.7
-10.167
-28.1
-31.867
-33.833
-36.533
-38.6
-38.567
-37.067
-36.2
-31.333
-28.233
-25.9
-24.067
-23.933
-20.933
-19.433
-19.133
-19.267
-19.5
-22.733
-26.433
-29.833
-32.767
-35.533
-39.433
-40.333
-39.3
-38.133
-32
-25.8
-19.2
-12.7
-10.267
-0.433
5.033
9.633
13.133
13.333
14.9
13.8
11.367
7.167
5.567
-3.2
-8.6
-18.433
-27.9
-31.4
-34.333
-36.567
-36.867
-36.833
-35.733
-32.6
-30
-25.867
-20.767
-16.9
-14.4
-13.967
-13.633
-14.667
-16.467
-18.867
-19.6
-25.067
-28.7
-32.467
-35.833
-36.667
-41.167
-41.8
-41.133
-39.6
-37.967
-30.333
-23.3
-14.633
-8.667
-1.767
4.933
9.2
12.933
14.767
16.867
16.467
14.8
11.7
10.467
-6.633
-11.933
-14.467
-22
-26.567
-30.733
-34.033
-34.867
-37.133
-36.233
-34.067
-30.367
-29.7
-21.667
-17.767
-14.667
-12.5
-11.067
-8.8
-8.567
-9.233
-9.633
-12.7
-16.567
-20.967
-26.067
-28.367
-36
-39.333
-41.4
-41.8
-41.633
-37.633
-32.9
-26.5
-19.867
-18.7
-6.2
1.267
7.7
12.067
14.767
18.967
19.433
15.367
6.2
0.967
-4.7
-10.133
-13.967
-22.567
-27.033
-31.2
-33.667
-37.133
-39.5
-40.033
-38.533
-37.567
-31
-26.8
-22.967
-19.6
-18.9
-12.167
-9.833
-9.033
-9.267
-9.667
-13.233
-16.767
-20.633
-23.733
-27.267
-33.467
-37.667
-40.067
-41.033
-42.067
-42.167
-40.9
-38.633
-37.4
-29.333
-22.867
-15.533
-7.7
-6.2
15.6
18.767
19.533
19.867
17.8
14
9.033
8.033
-3.833
-10.3
-16.4
-22.067
-23.667
-31.433
-34.967
-38.167
-39.767
-40.433
-39.067
-36.167
-31.467
-29.4
-23.667
-20.233
-16.467
-13.467
-12.7
-11.333
-12.267
-14.4
-17.433
-17.933
-25.5
-30.1
-34.2
-37.333
-38.6
-42.167
-42.067
-41.067
-39.7
-35.3
-29.4
-23.4
-9.467
1.033
6.533
10.867
12.933
14.867
14.7
12.4
8.6
5.8
-3.567
-10.267
-17.067
-23.167
-24.333
-31.067
-34.567
-37.7
-39.933
-40.2
-40.167
-38.9
-36.8
-34.033
-30.9
-25.5
-22.6
-19.967
-18.6
-17.367
-18.667
-21.267
-25.033
-26.633
-33.6
-37.633
-40.633
-42.633
-42.7
-42.433
-39.733
-35.533
-30.333
-29.233
-2.567
4.567
6.1
14.333
15.933
15.2
12.467
11.967
3.8
-2.533
-9.5
-15.033
-19.4
-28.267
-32.8
-36.4
-38.167
-40.067
-41.233
-40.867
-39.1
-38.067
-33.367
-30.133
-26.933
-23.533
-23.167
-19.633
-18.867
-19.333
-20.867
-21.633
-26.533
-30.167
-33.533
-35.867
-38.267
-41.833
-43.033
-43.033
-42.467
-37.967
-33
-27.533
-11.433
-1.5
5.3
10.6
12.4
15.367
15.4
13.567
10.267
8.733
1.133
-4.233
-10.2
-15.633
-16.267
-25.067
-29.733
-33.367
-35.933
-36.7
-40.667
-41.367
-39.533
-37.467
-32.9
-28.533
-26
-24.167
-23.567
-21.9
-21.533
-21.733
-21.633
-21.767
-25
-28.667
-31.9
-35.1
-35.5
-40.533
-42.367
-43.233
-42.833
-42.1
-31.867
-26.3
-25.133
-12.067
-4.233
2.967
7.167
8.6
11.2
10.8
8.833
7
3.733
-2
-7.467
-13.067
-15.9
-24.067
-29.367
-33.167
-36.4
-37.3
-40.4
-41.367
-40.167
-37.267
-36.367
-27.567
-23.833
-21.533
-20.1
-19.133
-17.2
-17.333
-18.933
-20.3
-23.967
-27.867
-31.9
-35.667
-37.2
-41.6
-43.233
-43.367
-38.467
-34.533
-30.2
-23.6
-20.9
-5.933
3.167
11
16.3
17.067
18.733
17.333
14.367
10.3
8.733
-1.067
-7.233
-14.433
-19.5
-24.7
-33.1
-37.333
-39.667
-40.667
-41.533
-40.467
-38.233
-34.933
-33.467
-26.633
-24.1
-22.667
-21
-20.8
-20.467
-22.1
-24.6
-27.133
-28.533
-33.633
-37.1
-39.833
-41.433
-42.533
-39.767
-35.8
-33.9
-22.167
-15.533
-8.667
-3.767
0.467
6.5
9.067
9.8
9.433
6.567
2.533
-2.2
-7.367
-9.433
-18.2
-23.267
-28.2
-31.933
-32.467
-36.4
-37.933
-39.033
-38.8
-38.367
-34.367
-30.1
-25.2
-22.3
-20.4
-17.667
-16.333
-15.733
-15.733
-17.933
-20.6
-23.8
-27.467
-28.933
-35.833
-39.267
-41.5
-41.767
-38.933
-34.433
-28.733
-26.733
-14
-4.933
3.833
10.933
11.6
17.467
17.633
15.433
12.3
10.4
2.067
-4.267
-11.2
-15.5
-22.167
-28.6
-32.8
-36.433
-37.6
-40.1
-40.433
-39.1
-36.667
-35.8
-28.467
-24.067
-20.3
-17.767
-17.467
-16.2
-17.533
-19.933
-22.133
-24.733
-29.533
-33
-36.3
-37.833
-40.767
-42.133
-40.633
-38.367
-31.133
-25.033
-17.133
-11.667
-1.9
7.167
13.267
17.6
19.133
21.933
21.333
19
14.8
13.5
3.167
-3.133
-9.433
-15.667
-17.1
-26.467
-29.833
-32.633
-34.7
-36.2
-38.733
-38.967
-37.5
-35.8
-31.733
-26.967
-23.333
-20.5
-19.533
-17.567
-17.1
-18.233
-20.1
-20.567
-25.933
-28.8
-31.633
-38.867
-40.533
-40.567
-39.733
-39.467
-32.367
-26.367
-18.9
-11.167
-8.567
4.933
11.433
16.467
19.533
21.367
22.3
20.667
18
15.467
7.9
1.467
-5.2
-11.733
-13.9
-23.1
-28.267
-32.7
-36.133
-36.667
-39.2
-38.733
-36.733
-33.267
-31.967
-26.233
-24
-21.467
-19.533
-18.633
-18.233
-19.233
-20.133
-21.033
-24.767
-32.967
-34.867
-38.467
-40.9
-41.8
-41.833
-41.667
-38.867
-35.167
-29.8
-23.033
-21.1
-6.067
1.567
7.2
12.767
13.5
20.567
21.8
21.2
19.367
16.167
8.833
2.133
-5.233
-9.333
-17.867
-24.1
-29.467
-33.467
-34.8
-38.533
-39.667
-38.867
-36.133
-35.467
-27.7
-24.4
-21.667
-19.433
-18.967
-16.833
-16.967
-17.7
-23.8
-27.267
-31
-34.9
-36.2
-41.567
-42.7
-42.633
-41.267
-37.8
-31.333
-24.633
-16.767
-11.7
0.433
8.033
13.733
18.3
19.2
22.7
22.433
20.333
16.767
16.2
6
-0.5
-6.9
-12.967
-14.867
-25.933
-31.033
-34.867
-37.433
-39.467
-40.5
-39.9
-38.133
-36.333
-31.033
-27.667
-24.9
-22.3
-21.4
-17.767
-18.3
-19.2
-23.367
-26.933
-30.5
-34
-35.067
-40.067
-41.7
-41.3
-38.8
-38.267
-27.833
-19.9
-10.5
-2.567
1.1
13.067
18.167
22.267
23.7
24.733
23.967
21.733
17.9
15.567
6.833
0.167
-6.833
-13.933
-15.933
-26.6
-31.333
-34.867
-37.5
-37.9
-39.7
-38.533
-36.867
-34.4
-32.9
-27.467
-25.4
-23.233
-18.833
-19.1
-20.2
-22.033
-24.767
-29.8
-33.2
-36.467
-38.2
-40.133
-39.933
-38.267
-34.967
-33.067
-24.067
-17.333
-9.367
-0.167
1.367
13.267
17
19.267
20.533
20.633
19.033
16.2
12.333
8.267
4.5
-5.3
-11.733
-18
-21.533
-28.6
-33.8
-37.433
-39.567
-40.267
-39.733
-37.767
-34.7
-31.333
-30.733
-25.133
-17.967
-16.967
-16
-17.233
-19.233
-21.7
-22.533
-28.1
-31.133
-34.033
-36.633
-37.667
-40.9
-41.767
-41.767
-40.833
-38.433
-33.2
-26.767
-18.933
-14.4
-2.1
6.367
13.067
17.3
18.367
20.6
19.067
15.6
11.5
10.9
-0.267
-7.333
-13.833
-19.867
-22.567
-31.1
-34.9
-37.833
-39.133
-39.567
-38.3
-35.533
-31.833
-22.8
-20.533
-18.733
-17.7
-17.5
-17.833
-19.067
-21.067
-22.833
-27.933
-31.733
-35.367
-38.933
-39.533
-42.833
-42.3
-40.5
-36.967
-35.667
-24.4
-16.333
-6.667
2
7.467
17.867
21.8
23.833
24.133
