36.433
36.467
36.5
36.467
36.4
36.467
36.3
36.333
36.367
36.333
36.2
36
36
35.967
36.033
36.333
37.167
38.133
38.433
41.167
43.2
45.767
48.733
49.3
54.4
55.067
54.633
54.4
54.433
54.3
54.3
54.5
54.333
53.767
49.767
43.633
36.333
30.333
26.9
17.5
16.567
15.367
14.067
13.8
13.333
13.6
15.033
17.467
42.233
43.1
51.2
54.267
55.933
56.867
57
57.767
57.933
57.867
57.5
57.233
52.567
49.967
48.1
46.167
45.867
44.467
45
47.267
50.9
51.567
58.233
62.1
65.3
66.233
65.833
61.533
55.767
48.6
43.167
41.8
34.367
30.367
27.633
25.433
24.5
20.1
18.933
18.8
19.067
21.8
25.033
28.9
35.7
43.167
47.433
50.867
52.8
53.167
55.7
56.133
56.8
57.133
56.9
55.5
53.933
51.433
48.667
45.633
41.067
38.767
37.5
37.233
37.767
40.233
44.233
48.167
49.567
57.433
62.4
66.333
68.267
68.367
63.567
54.833
45.133
37.667
35.967
28.033
25.067
22.4
20.533
18.833
16.733
16.833
18.4
19.867
34.667
40.867
44.867
50.867
56
58.033
59.033
59.133
59
58.233
58.2
58.1
57.967
54.167
50.733
46.067
42.567
41.833
38.867
38.9
39.433
40.767
43.367
48.767
53.267
58.467
61.467
67.9
69.8
68.533
64.533
62.333
52.667
46.533
40.5
34.967
34.367
26.533
23.367
20.533
18.433
17.933
17.267
19.033
24.7
34.4
40.433
46.733
52.833
54.433
60.633
61.9
62.333
62.533
61.3
58.9
57.133
54.9
53.133
47.7
43.033
38.733
34.8
33.8
31.6
32.467
34.667
37.7
38.333
44.367
48.633
53.5
58.033
60.2
65.933
66.4
62.3
57.233
48.833
39.067
32.433
28.633
27.767
24.767
22
20.233
18.9
18.433
19.733
22.733
25
32.833
38.167
43.5
48.967
50.6
58.7
62.2
63.967
64.7
64.733
64.3
63.067
61.3
59
56.7
50.767
47.633
44.867
43.533
40.633
38.7
38.8
39.2
39.333
41.933
45.333
48.6
52.367
53.267
62.067
66.067
68.167
68.167
67.733
61.9
57.267
52.233
47.2
43.6
36.4
32.3
25.033
19.233
18.7
19.4
20.867
22.833
28.733
33.933
39.4
43.167
48.1
52.367
54.6
56.7
57.133
59.267
60.133
61.533
62.133
62.233
61.467
58.733
53.933
49.033
47.7
40.967
38.633
36.8
36.367
36.733
38
39.267
41.033
42.667
47.333
51.933
55.767
59.733
61.167
66.7
67.667
66.9
64.467
63.967
47.933
42.633
40.9
32.7
27.767
23.667
20.833
20.4
18.633
20.167
23.067
27.067
28.533
36.6
41.333
45.533
48.067
51.767
55.2
57.533
59.633
60.733
63.3
63.5
63
61.8
61.133
54.7
48.867
42.833
38.6
38.167
35.1
35.7
36.967
38.7
40.2
46.8
50.9
55.333
58.5
63.2
67.1
68.567
64.6
58.8
54.333
49.133
44.567
36.7
29.267
24.1
20
18.467
16.5
17.367
19.5
23.133
24.3
33.133
38.4
43.367
46.8
47.733
51.3
52.667
53.033
53.267
52.933
52.933
52.5
50.867
49.133
44.733
40.833
37.1
33.367
32.3
31.267
33.5
36.3
39.8
40.433
48.967
54.5
59.5
64.033
64.667
61.6
54.633
52.8
39.533
31.433
23.8
17.9
17.2
11.967
11.367
12.667
14.6
16.8
23.333
28.733
34.067
37.333
41.833
44.467
43.633
41.9
41.6
41.8
42.633
44.367
46.3
46.333
45.8
43.2
38.967
33.5
31.8
26.167
26.933
28.567
29.9
31.733
36.533
41.2
45.767
48.4
55.5
60.1
62.367
59.867
54.733
49.733
43.967
40.667
31.733
25.8
21.433
18.133
17.1
15.233
15.367
16.9
19.733
20.2
28.467
34
38.967
43.433
44.733
49.367
48.533
47.2
45.867
44.567
44.667
44.433
44.067
43.7
41.433
38.1
34.633
32.133
31.7
30.033
29.833
30.067
31.233
31.367
36.033
39.867
44.367
47.9
50.633
61.467
62.867
62.9
60.633
55.733
48.533
41.167
37.533
25.467
20.133
16.667
15.033
13.9
13.533
14.767
17
18.433
24.6
30.2
35.8
41
42.733
48.8
49.533
50
51.367
51.5
52.667
53.667
53.967
53.833
53.267
49.4
44.433
39.867
37.633
33.333
31.1
30.867
31.967
32.633
36.767
39.767
42.933
49.9
54.3
58.433
61.233
61.4
59.667
54.867
47.6
39
37.433
25.833
21.6
18.267
15.833
15.4
14.067
14.533
16.433
18.6
21.767
28.633
34.3
39.4
41.933
46.267
48.367
49.867
51.1
51.5
53.467
54.533
53.867
52
51.7
44.733
40.233
37.067
35.2
34.533
33.6
35.433
38.267
40.467
43.8
55.7
59.3
59.967
60.367
56.133
49.5
43.933
39.333
33.233
28.067
23.5
21.567
18.9
17
16.7
17.933
18.7
23.733
28.167
33.667
39.3
40.4
49.667
53.133
55.367
56.367
56.533
56.967
57.7
58.633
58.933
59.3
58.9
56.133
51.9
49.533
41.567
36.967
34.433
32.767
32.5
33.833
36.533
39.967
50.8
55.3
59.867
63.433
64.333
66.133
64.167
58.833
50.7
49.533
35
27.8
21.4
17.8
16.733
13.9
14.333
16.233
18.233
23.133
28.9
34.333
39.867
42.633
48.7
51.633
54.333
56.3
56.867
59.367
60.733
61.1
60.133
60.033
55.133
50.633
46.5
43.567
41.3
38.333
38.233
38.8
39.267
41.9
51.267
54.867
58.033
64.8
68.033
69.333
69
65.6
59.933
55.533
51.633
49.7
40.667
34.167
29.1
25.367
24.567
20.5
20.533
22.233
24.867
25.533
33.567
39.733
46.033
50.533
52.767
56
56.3
56.067
55.867
56.167
56.333
56.467
55.933
55.7
52.567
49.533
45.6
42.2
41.667
37.833
38
39.2
45.533
49.2
53.4
58.033
58.667
67.967
71.767
73.6
73
72.333
66.567
62.5
57.667
52.7
47.367
38.033
33.4
29.733
27.633
24.633
24.433
25.333
27.533
28.833
35.933
40.433
45.167
49.467
50.167
55.467
56.833
57.533
58.5
58.633
58.567
58.933
58.233
57
55.267
50.8
45.967
42.367
41.333
38.267
37.767
38.2
40.367
43.2
46.533
50.033
51.9
59.067
64.1
68.667
71.367
71.633
70.367
67.167
63.767
59.867
58.967
47.533
41.567
36.033
32.1
29.467
26.2
25.267
25.567
26.367
30.467
35.533
40.433
44.5
45.9
52
54.533
55.933
56.733
56.933
59.6
59.667
59.267
57.933
57.333
53.067
49.033
44.633
36.733
35.567
36
37.5
38.033
41.8
44.9
49.133
52.967
58.3
64.767
67.867
68.2
67.1
61.667
57.033
52.9
48.467
47.333
39.833
35.1
30.2
26.167
25.7
20.8
20.233
20.833
22.4
23.367
29.733
33.967
38.367
41.3
45.033
49.7
52.233
53.767
54.567
55.7
56.4
56.833
56.667
56.167
52.233
42.967
41.2
39.1
38.8
39.333
41.133
41.833
46.233
49.433
53.533
58.033
58.6
66.267
67.367
64.967
61.067
58.533
50.3
46.9
43.3
40.2
35.767
31.067
28.333
25.533
24.1
20.9
20.733
21.6
23.667
24.667
31.567
37.233
42.933
47.7
48.467
53.467
54.367
53.733
52.7
52.733
54.567
55.1
55.2
53.167
50.467
47.067
44.7
43.267
41.933
43.167
45.633
47.467
51.8
56.3
60.5
64.667
66.467
71.467
72.467
70.833
65.033
63.5
48.8
43.2
37.367
32.633
32
27.1
24.767
23.033
22.067
21.667
21.5
23.2
26.167
28.5
34.167
39.5
44.4
48.867
50.433
53.5
53.4
53.4
53.967
53.967
55.367
53.267
52.167
46.633
41.833
37.1
33.533
32.8
31.167
31.767
32.9
35.167
36.733
43.033
47.233
51.8
54.933
59.433
65.4
69.5
71.3
70.833
66.467
60.667
54.3
47.333
45.2
33.9
28.5
25
22.367
22.133
19.5
19.8
21.333
23.633
25.333
32.333
37.6
43.133
47.6
52.7
57.8
60.1
60.967
60.633
58.967
57.533
55.833
52.267
46.933
43.333
40.667
39.367
36.433
37.067
38.6
40.4
41
46.5
50.433
54.633
59.267
60.367
68.233
69.5
68.133
64.3
60.467
51.867
47.2
40.967
37.033
