-39.033 32.867 8.967
-38.800 32.700 9.400
-38.967 32.667 9.300
-39.067 32.700 9.400
-39.100 32.567 9.600
-39.200 32.433 9.267
-39.267 32.433 9.300
-39.200 32.567 9.333
-39.033 32.633 9.533
-38.933 32.633 9.333
-39.200 32.667 9.300
-39.167 32.733 9.533
-39.233 32.800 9.933
-39.033 32.467 10.667
-39.100 32.600 11.200
-39.200 32.733 12.600
-39.300 33.433 14.133
-39.167 34.267 15.833
-39.433 35.500 17.167
-39.567 35.867 17.700
-39.600 38.900 20.833
-39.533 40.233 22.400
-39.400 41.433 24.233
-38.867 42.233 26.000
-38.433 42.733 26.833
-37.567 42.000 28.767
-36.767 43.500 30.033
-35.700 44.267 31.900
-34.367 44.500 33.967
-34.433 44.767 34.000
-34.200 47.333 34.133
-35.533 49.367 31.633
-36.567 53.033 28.333
-37.367 56.633 24.100
-37.367 57.167 23.133
-36.100 63.033 14.833
-34.367 65.333 8.133
-32.000 66.100 0.633
-28.300 65.100 -7.300
-27.233 64.667 -8.967
-18.967 56.133 -19.800
-14.400 48.167 -23.100
-10.100 39.367 -23.867
-5.933 32.167 -22.067
-5.333 30.700 -21.567
1.200 19.300 -14.333
2.200 17.567 -12.433
1.833 16.067 -11.167
-7.767 14.567 -11.133
-12.833 16.233 -12.200
-18.300 19.067 -13.033
-18.967 19.567 -13.167
-28.267 26.967 -12.600
-32.400 32.533 -11.367
-35.200 37.967 -10.233
-37.600 43.267 -7.167
-37.767 43.500 -6.867
-40.067 50.000 2.933
-40.533 51.633 8.500
-40.033 52.967 14.433
-38.533 54.433 20.667
-38.233 54.567 21.500
-31.767 54.967 32.900
-29.067 53.700 36.333
-27.300 52.467 38.600
-26.167 50.767 40.533
-26.133 50.633 40.600
-23.967 46.300 43.667
-23.067 44.600 44.633
-22.100 42.633 45.500
-22.433 40.800 45.700
-22.733 40.500 45.767
-27.933 40.100 42.167
-32.100 42.200 38.800
-35.100 45.567 35.067
-37.300 49.800 30.467
-37.533 51.200 29.233
-37.467 60.533 18.933
-35.333 65.100 12.267
-31.500 68.533 4.833
-27.467 69.533 -1.767
-23.900 68.833 -5.833
-15.767 63.633 -17.100
-10.667 57.000 -21.400
-5.600 49.200 -24.233
-2.767 44.433 -24.367
0.967 37.000 -22.900
4.533 29.867 -19.700
6.400 25.733 -17.667
7.167 22.300 -15.300
5.567 19.700 -13.933
2.933 18.867 -14.500
-1.033 18.333 -15.567
-5.600 19.000 -16.767
-7.333 19.167 -17.067
-16.833 23.433 -18.333
-21.533 27.400 -18.567
-25.533 32.367 -18.567
-28.400 37.733 -18.000
-29.133 39.067 -17.533
-33.467 49.100 -12.933
-35.667 53.867 -8.400
-36.433 57.967 -2.800
-36.600 60.733 2.967
-36.067 62.433 6.233
-33.467 64.733 18.733
-30.567 64.333 25.600
-27.300 63.133 31.633
-24.467 62.900 34.167
-20.667 61.500 38.000
-17.133 57.900 42.567
-14.767 53.500 46.000
-13.067 49.533 47.767
-13.033 47.833 48.200
-14.400 42.700 49.000
-17.000 40.167 48.700
-20.800 38.633 47.033
-25.400 38.600 44.733
-26.300 38.900 44.167
-33.867 43.667 37.833
-36.367 48.667 33.767
-37.233 54.133 29.367
-36.767 59.667 24.300
-36.267 61.233 22.967
-31.200 69.567 11.533
-27.033 71.833 3.633
-22.100 70.833 -5.533
-18.233 67.367 -12.433
-14.867 61.300 -17.367
-9.367 49.067 -24.233
-5.567 40.567 -24.400
-2.200 33.367 -23.033
0.600 30.233 -21.167
7.433 22.067 -15.067
6.767 20.467 -13.967
5.300 19.700 -14.133
2.200 18.467 -14.233
-3.267 17.933 -15.300
-7.667 18.933 -16.733
-12.600 21.033 -17.733
-15.300 22.300 -17.933
-23.800 28.167 -17.900
-27.967 33.400 -17.267
-31.533 39.233 -15.733
-34.667 44.833 -12.400
-35.567 46.067 -11.200
-38.633 55.033 -1.033
-38.333 58.933 5.100
-36.800 61.700 11.500
-34.600 63.300 18.300
-34.067 63.400 19.067
-28.033 63.667 29.700
-24.800 62.600 33.967
-21.833 61.400 37.300
-19.700 60.733 39.233
-18.100 59.533 40.667
-15.567 54.733 44.933
-15.667 50.467 46.933
-16.633 47.233 47.600
-17.567 44.933 47.767
-20.800 42.033 47.067
-24.900 40.433 44.900
-28.500 40.667 42.800
-31.333 42.700 40.367
-32.700 44.533 39.167
-35.900 50.900 33.333
-36.533 55.133 29.667
-36.500 59.133 25.400
-35.900 63.233 20.000
-35.633 63.967 19.067
-30.233 70.267 9.500
-26.267 71.967 3.200
-21.200 71.867 -4.100
-16.100 69.800 -10.300
-13.667 68.100 -12.367
-4.333 59.567 -20.033
0.833 53.000 -21.800
5.867 39.433 -21.667
7.767 28.000 -17.967
7.600 23.967 -16.100
6.233 21.033 -14.700
3.800 18.933 -14.167
2.967 18.633 -14.167
-5.333 17.600 -15.033
-11.067 19.000 -16.200
-16.867 21.567 -16.733
-21.833 24.600 -16.567
-26.167 28.333 -16.067
-31.933 36.500 -14.433
-34.800 43.133 -12.000
-36.900 48.800 -8.200
-37.800 51.400 -4.767
-38.533 56.167 2.433
-38.300 58.700 11.833
-36.700 60.067 18.867
-33.500 61.233 24.833
-32.233 61.967 26.100
-27.500 61.067 32.867
-25.300 59.767 35.867
-23.467 58.400 38.800
-22.600 55.733 40.967
-22.433 55.100 41.400
-20.900 50.167 44.533
-20.500 47.633 45.700
-21.067 45.500 45.933
-22.767 43.967 45.633
-23.767 43.767 45.200
-28.700 42.467 42.033
-31.900 43.467 39.367
-34.333 45.567 36.433
-36.133 48.000 33.733
-37.267 51.133 30.667
-37.700 57.300 24.567
-37.000 61.333 19.733
-35.400 64.667 15.400
-34.567 65.733 13.267
-29.767 69.633 5.533
-25.633 70.967 -0.567
-20.800 70.733 -6.133
-15.700 68.833 -11.467
-13.933 67.833 -13.133
0.267 49.433 -23.067
3.167 42.467 -22.900
4.300 37.800 -21.667
5.600 29.967 -19.767
6.000 23.733 -16.467
5.167 20.633 -14.533
3.800 18.500 -13.200
2.800 17.900 -13.167
-2.900 16.333 -13.367
-7.200 16.900 -14.200
-11.733 18.400 -14.933
-16.867 20.333 -15.633
-18.233 20.800 -15.633
-26.867 27.533 -15.067
-30.633 32.133 -13.633
-33.900 37.833 -12.400
-36.000 42.800 -10.300
-36.300 44.367 -9.700
-38.567 51.600 -1.700
-39.667 54.167 4.400
-39.633 55.567 10.733
-39.000 56.367 15.033
-37.600 56.733 19.933
-33.033 56.533 30.467
-28.833 55.333 35.667
-24.867 53.400 39.700
-22.967 53.100 41.133
-20.433 51.300 43.400
-19.700 49.233 44.667
-19.300 46.700 45.600
-19.433 44.600 46.200
-20.000 43.933 46.267
-20.733 40.733 46.467
-23.200 38.933 45.367
-25.700 38.200 44.033
-28.100 38.300 42.533
-28.900 38.267 41.933
-34.633 40.667 36.700
-37.367 43.833 33.000
-39.233 47.300 28.833
-40.267 50.300 24.733
-40.433 52.667 22.333
-39.400 58.733 14.733
-37.033 62.500 10.433
-31.200 67.200 1.400
-22.433 67.033 -9.900
-16.767 63.100 -16.067
-10.867 54.967 -21.867
-6.333 45.467 -24.433
-5.667 43.900 -24.500
-0.200 30.233 -21.167
1.867 25.833 -19.067
3.533 23.467 -17.200
4.267 22.067 -16.200
4.467 21.200 -15.600
3.200 20.200 -15.733
0.467 20.067 -16.500
-3.333 20.200 -17.133
-5.867 20.233 -17.667
-11.533 22.300 -18.633
-16.200 24.767 -19.200
-20.033 27.400 -19.233
-23.700 31.267 -18.867
-24.433 32.800 -18.633
-29.567 40.333 -17.233
-32.167 44.800 -14.867
-34.900 49.467 -10.733
-37.067 53.267 -5.267
-37.333 53.667 -4.500
-38.467 58.300 6.733
-37.667 59.733 14.200
-35.667 60.500 21.033
-33.200 60.500 26.100
-32.533 60.000 27.433
-28.000 58.033 35.100
-25.600 56.800 38.100
-24.067 55.467 40.133
-23.300 53.433 41.767
-21.700 51.400 43.167
-21.133 45.400 46.100
-22.133 41.400 45.867
-23.600 37.700 45.267
-24.033 35.733 44.800
-28.600 33.500 41.933
-32.300 33.133 38.367
-36.233 34.333 34.367
-39.333 37.433 29.533
-40.033 38.400 28.233
-42.100 52.067 16.267
-40.300 57.100 12.133
-39.133 59.200 10.333
-34.233 65.100 4.400
-29.200 67.967 -1.067
-23.733 68.400 -6.833
-17.333 66.100 -13.000
-15.233 64.867 -15.267
-4.500 53.800 -22.500
0.900 46.433 -23.200
5.067 38.933 -21.767
8.100 32.800 -19.633
8.767 31.700 -19.067
11.867 25.733 -14.600
12.000 23.833 -13.300
10.900 22.700 -13.300
9.000 21.433 -13.667
7.467 21.167 -14.200
1.200 19.633 -15.967
-3.900 19.800 -17.300
-9.000 21.167 -18.333
-12.067 22.767 -19.067
-17.933 26.767 -19.533
-23.700 32.067 -19.200
-27.667 36.667 -18.200
-31.300 42.000 -16.100
-32.733 44.200 -14.467
-36.467 51.400 -7.467
-38.133 54.967 -1.900
-38.333 58.000 4.633
-37.667 59.867 11.267
-37.533 60.133 13.000
-33.233 60.800 25.333
-29.833 60.000 31.667
-26.167 58.700 35.900
-23.000 57.367 39.300
-22.133 57.200 39.867
-18.067 52.967 44.233
-16.867 50.200 46.000
-16.167 47.267 47.400
-16.233 44.500 47.933
-16.700 42.500 48.167
-17.900 39.733 48.133
-19.733 38.133 47.567
-23.733 36.900 45.633
-30.200 36.300 41.300
-33.833 36.533 38.133
-37.500 37.700 33.733
-40.133 39.600 29.167
-41.033 40.733 27.333
-42.867 45.800 20.300
-42.867 49.833 16.300
-41.567 54.600 11.767
-39.767 58.367 8.767
-36.033 62.867 4.967
-29.733 67.133 -1.933
-24.200 68.200 -6.933
-18.300 67.467 -11.700
-14.533 66.267 -14.333
-6.233 61.633 -18.500
-0.733 57.867 -20.167
3.800 53.333 -20.700
7.100 48.533 -20.633
7.733 47.000 -20.500
10.900 38.933 -19.100
11.367 32.933 -17.833
10.967 27.967 -16.433
9.900 23.900 -14.467
9.567 23.300 -14.367
4.667 17.633 -12.533
1.333 16.100 -12.333
-2.600 15.467 -12.433
-6.267 15.633 -13.367
-9.500 15.967 -13.533
-17.300 18.633 -14.367
-21.833 21.400 -14.400
-26.400 25.033 -14.233
-29.433 27.833 -13.600
-32.800 33.533 -12.433
-35.733 39.167 -10.333
-37.633 43.567 -8.067
-38.733 47.400 -4.433
-38.967 49.367 -2.733
-39.533 54.033 4.100
-38.767 56.533 9.000
-37.533 59.167 14.267
-35.067 60.933 20.800
-34.433 60.933 22.667
-22.367 59.200 37.567
-20.133 57.567 40.167
-18.900 57.467 41.033
-17.633 54.300 43.733
-17.300 50.867 45.400
-18.067 47.333 46.367
-20.500 43.633 46.400
-21.167 42.867 46.367
-25.300 39.300 44.333
-27.567 38.067 42.833
-30.500 36.933 40.633
-33.367 37.267 38.033
-33.833 37.533 37.667
-38.733 39.633 31.333
-40.600 42.067 27.267
-41.900 45.067 23.833
-42.267 48.300 19.400
-42.233 49.500 17.700
-41.033 55.233 8.867
-38.633 58.600 4.567
-34.967 61.900 -0.500
-31.833 63.267 -4.367
-25.433 63.267 -10.400
-18.100 61.633 -16.533
-11.833 59.133 -19.900
-4.900 55.300 -21.800
-2.633 53.867 -22.267
5.367 47.067 -21.333
8.600 42.967 -20.567
11.000 39.300 -19.100
12.700 35.933 -17.733
13.133 35.167 -17.433
14.200 29.433 -15.033
13.533 26.833 -14.300
11.600 24.800 -14.500
8.467 22.933 -15.567
7.800 22.933 -15.767
-0.300 22.267 -18.267
-5.100 23.000 -19.500
-10.467 24.400 -20.333
-14.200 26.567 -20.300
-18.133 29.067 -20.600
-23.500 35.100 -20.133
-26.300 40.033 -19.300
-31.333 48.000 -15.067
-35.667 54.167 -6.467
-37.533 56.333 -0.733
-38.233 57.900 4.933
-38.067 58.767 9.733
-36.867 59.800 15.600
-33.867 60.400 24.367
-30.900 59.933 29.300
-28.233 58.800 33.200
-27.033 58.433 34.533
-25.533 56.167 37.633
-25.067 54.700 39.167
-25.000 53.300 40.267
-25.200 51.933 40.900
-25.867 51.267 40.867
-26.267 48.933 42.033
-27.400 47.900 41.333
-28.467 47.233 40.833
-29.833 46.300 39.967
-29.900 46.167 40.000
-33.667 46.333 36.567
-35.433 48.167 33.700
-37.067 50.600 30.600
-37.633 53.767 27.467
-37.667 55.400 26.333
-36.667 61.333 18.867
-34.233 65.167 16.100
-30.733 69.000 13.433
-28.500 70.800 11.367
-22.600 74.033 7.200
-16.033 75.433 0.867
-10.433 74.033 -4.700
-4.900 71.400 -9.200
-2.167 70.133 -10.633
4.667 64.200 -14.033
8.833 59.133 -16.033
12.200 53.233 -16.867
14.500 46.967 -17.067
14.767 45.500 -17.033
16.233 35.633 -15.600
15.467 31.267 -14.833
13.033 27.533 -15.233
9.467 24.567 -16.100
8.900 24.233 -16.200
-9.433 23.300 -19.633
-15.567 25.700 -19.700
-17.233 27.067 -19.800
-24.400 33.500 -19.167
-28.600 38.333 -17.733
-32.367 43.600 -14.733
-34.700 48.133 -11.233
-34.933 48.833 -10.733
-37.367 56.500 -1.367
-37.200 59.300 4.500
-36.367 61.467 10.733
-34.933 62.433 17.033
-33.567 62.133 20.867
-28.833 60.833 31.433
-25.600 59.467 35.300
-22.367 58.967 38.367
-21.333 57.500 39.933
-19.267 55.200 42.167
-18.433 51.800 44.600
-18.967 47.967 46.000
-20.033 43.467 46.367
-19.967 41.567 46.667
-21.833 38.167 46.067
-23.433 37.033 45.300
-25.733 37.133 44.067
-28.433 38.733 42.433
-28.967 39.233 41.933
-32.967 43.333 38.267
-35.467 44.833 35.400
-37.367 46.567 32.467
-38.467 48.633 29.600
-38.733 49.567 28.867
-39.367 54.033 23.833
-39.333 56.833 20.000
-38.833 59.500 16.200
-37.633 61.900 12.667
-35.867 63.867 9.300
-31.267 66.967 0.867
-27.067 67.800 -4.667
-22.600 66.967 -10.000
-19.967 65.600 -12.700
-13.667 60.433 -18.233
-8.000 54.800 -22.167
-3.000 51.000 -23.200
4.133 43.533 -22.567
8.167 35.367 -20.300
8.667 31.733 -19.300
8.000 28.467 -18.467
6.233 26.667 -18.600
3.600 25.333 -18.767
-2.133 24.433 -19.767
-6.467 25.333 -20.400
-11.800 27.333 -21.500
-14.067 28.700 -21.633
-20.967 34.333 -21.300
-24.667 39.233 -19.867
-28.200 44.433 -18.167
-31.033 49.067 -14.933
-32.167 50.200 -13.500
-36.367 56.367 -3.433
-38.167 58.467 4.300
-37.800 60.033 11.333
-35.933 61.500 17.933
-35.533 61.733 18.567
-30.533 61.000 29.200
-27.300 59.633 33.967
-24.267 57.833 38.100
-21.700 57.000 40.400
-20.533 56.433 41.200
-17.067 53.800 44.567
-16.133 51.867 45.900
-16.233 51.100 46.433
-16.600 50.233 46.867
-18.800 48.633 46.333
-21.467 46.600 45.767
-24.433 45.200 44.467
-27.867 44.500 42.767
-29.733 44.700 41.133
-35.067 44.467 35.867
-38.033 45.667 31.700
-39.567 48.567 27.800
-40.667 52.100 22.200
-40.767 52.600 21.367
-39.533 58.933 12.033
-37.167 61.933 7.300
-33.767 64.833 1.600
-28.900 66.700 -3.867
-28.000 66.800 -4.567
-9.433 62.367 -18.300
-3.633 58.500 -20.300
-2.400 57.133 -20.600
5.100 49.600 -20.833
8.133 45.700 -20.600
11.000 42.300 -19.533
12.467 38.600 -18.400
12.667 37.867 -18.233
11.767 32.000 -17.867
9.033 29.267 -18.167
4.033 26.333 -19.000
-0.200 25.133 -19.500
-3.733 24.700 -19.600
-12.467 25.800 -20.400
-18.767 28.000 -19.867
-23.933 31.367 -18.700
-27.000 33.767 -17.533
-31.000 39.667 -15.633
-35.233 45.467 -11.067
-37.933 49.000 -5.933
-39.767 51.100 0.367
-40.133 51.667 3.000
-40.667 51.533 12.800
-40.067 51.667 18.233
-38.533 51.767 24.300
-35.667 51.900 29.833
-34.900 51.900 31.200
-29.233 52.367 37.200
-26.433 51.900 39.767
-24.667 51.233 41.233
-23.467 50.067 42.633
-23.767 49.300 42.833
-24.067 45.433 44.433
-25.633 42.967 43.800
-27.167 41.000 43.233
-28.633 39.767 42.233
-29.500 39.033 41.967
-32.533 39.400 39.167
-34.633 40.233 36.933
-36.767 41.867 34.533
-37.567 43.033 33.167
-39.367 47.433 29.233
-39.933 51.567 25.600
-39.567 55.467 22.100
-35.867 63.900 15.200
-30.933 69.167 7.967
-26.667 71.233 2.567
-22.033 71.700 -2.733
-19.100 70.933 -6.700
-13.733 67.433 -12.367
-8.133 61.367 -18.633
-3.067 55.433 -21.267
1.467 48.767 -22.433
3.267 45.567 -22.333
7.533 36.200 -20.500
9.433 31.167 -18.500
9.733 27.300 -16.433
8.833 24.033 -15.367
8.500 23.400 -15.167
2.300 19.633 -15.300
-3.167 19.100 -16.200
-8.533 20.233 -17.267
-13.633 22.867 -18.267
-15.233 23.900 -18.500
-24.200 29.967 -17.867
-28.867 34.367 -16.633
-32.700 39.467 -14.067
-34.767 43.267 -11.767
-36.533 47.100 -9.067
-38.633 52.567 -1.500
-39.300 55.267 5.000
-38.700 57.133 11.567
-37.967 58.167 14.833
-35.267 59.533 22.400
-31.533 59.533 29.533
-28.100 58.800 33.800
-24.500 58.333 37.267
-23.600 57.600 38.633
-19.800 56.433 41.600
-18.833 54.633 43.300
-18.133 53.167 44.567
-18.167 50.833 45.433
-18.200 50.467 45.533
-21.100 47.133 45.767
-23.000 46.100 45.100
-25.433 44.800 43.967
-27.200 44.000 42.900
-28.300 43.733 42.300
-37.533 46.600 32.033
-39.533 48.600 27.333
-39.767 48.967 26.633
-40.500 55.300 17.533
-39.467 59.033 11.167
-36.167 62.200 3.800
-32.733 63.967 -2.400
-32.000 64.033 -3.233
-22.967 62.667 -13.800
-16.800 59.000 -18.967
-10.900 55.233 -21.800
-6.100 53.100 -22.700
-2.167 50.800 -22.867
4.867 44.133 -22.067
7.800 39.067 -20.867
9.900 34.633 -19.033
11.000 31.433 -17.533
10.700 24.867 -14.933
10.267 22.500 -13.533
8.833 21.167 -13.633
5.733 20.500 -14.433
4.533 20.500 -15.267
-3.367 21.133 -17.767
-8.300 22.467 -18.833
-13.433 25.033 -19.200
-18.633 28.300 -20.000
-19.200 28.733 -19.967
-26.967 37.100 -18.400
-30.200 42.467 -16.267
-32.967 47.333 -13.433
-34.767 51.567 -9.633
-35.467 52.533 -8.300
-37.700 58.033 2.500
-37.333 60.333 10.033
-35.433 62.200 16.267
-33.933 62.800 20.933
-30.933 63.500 24.333
-26.567 63.533 30.800
-24.167 63.233 33.800
-21.500 62.667 36.400
-20.200 62.533 37.400
-17.400 59.800 41.100
-16.733 56.900 43.467
-17.433 53.800 44.933
-20.833 48.433 45.900
-23.800 45.867 45.100
-26.633 44.567 43.467
-29.767 43.667 41.267
-31.167 43.433 40.367
-36.133 44.300 35.200
-38.767 46.233 30.200
-40.467 48.767 26.100
-41.167 51.600 21.800
-41.133 52.200 20.400
-40.367 57.433 12.000
-38.733 60.067 7.633
-36.233 62.300 3.300
-32.700 64.367 -1.700
-28.533 65.867 -3.067
-22.800 67.167 -9.700
-16.967 66.700 -12.700
-11.200 65.167 -16.100
-5.333 63.067 -17.767
-1.767 60.900 -18.233
6.267 54.200 -18.867
10.567 47.800 -19.167
13.200 41.767 -18.067
14.167 38.433 -17.200
15.000 34.100 -15.533
14.700 29.900 -14.667
13.033 27.000 -14.733
10.233 24.867 -15.533
8.667 24.333 -16.000
2.167 22.867 -17.967
-2.567 23.367 -19.100
-7.400 24.600 -20.300
-12.533 26.700 -21.033
-13.867 27.100 -20.767
-23.200 32.767 -19.767
-27.467 37.067 -18.367
-31.200 41.500 -15.867
-34.333 45.933 -12.000
-34.933 46.933 -11.267
-38.500 53.533 -1.300
-39.400 55.900 6.000
-38.633 56.967 15.733
-37.267 56.767 21.800
-34.867 56.067 26.533
-25.633 52.533 39.767
-22.700 51.833 42.067
-22.333 51.767 42.300
-19.067 49.233 45.300
-18.733 46.633 46.333
-19.467 43.300 46.767
-20.167 40.567 46.900
-20.467 39.133 46.867
-23.300 34.533 45.533
-26.633 32.967 43.033
-30.067 33.600 40.567
-32.433 34.000 38.467
-36.033 36.000 35.267
-39.567 39.667 29.700
-41.100 44.033 26.167
-41.567 48.833 22.400
-41.433 51.767 20.033
-39.433 58.667 13.633
-36.467 63.267 9.100
-32.233 67.167 4.567
-26.500 69.600 -0.833
-25.533 69.800 -1.633
-14.700 69.033 -11.200
-8.000 66.000 -15.533
-1.000 60.467 -18.800
4.767 55.100 -19.733
5.433 54.133 -19.700
11.333 42.633 -19.000
12.767 35.800 -17.567
13.600 30.800 -15.667
13.300 27.367 -14.167
12.567 24.733 -13.333
9.033 20.533 -12.800
5.300 18.933 -13.433
0.700 18.000 -14.267
-2.733 17.467 -14.767
-9.767 19.367 -16.467
-15.500 22.167 -17.267
-21.000 25.633 -17.633
-26.367 29.933 -16.800
-28.333 32.100 -16.300
-34.367 41.433 -11.900
-37.267 47.233 -7.867
-38.900 51.400 -2.200
-38.267 57.600 12.133
-35.733 58.600 23.167
-31.833 57.700 30.867
-27.267 56.733 36.033
-24.900 56.733 37.767
-19.167 56.467 41.433
-15.900 55.667 43.400
-14.833 54.000 44.833
-14.733 51.633 46.433
-14.800 50.967 46.533
-16.967 45.667 47.467
-18.267 42.967 47.533
-20.233 40.833 47.200
-23.500 39.367 45.600
-24.467 39.433 45.133
-30.567 39.767 40.967
-34.167 41.000 37.433
-37.333 42.867 33.267
-39.600 45.467 29.233
-40.200 47.067 27.567
-40.833 53.833 19.533
-39.633 58.433 14.467
-37.133 62.533 8.933
-34.300 65.000 4.867
-29.533 67.467 -0.700
-22.833 67.833 -8.567
-16.967 65.967 -13.733
-11.000 62.800 -17.867
-8.833 60.833 -19.067
0.533 52.667 -21.800
4.367 46.800 -21.933
6.900 39.267 -20.933
8.433 31.967 -19.067
8.833 30.267 -18.333
9.767 23.900 -14.667
9.800 21.633 -13.067
8.667 20.500 -13.033
5.967 20.200 -13.833
5.067 20.100 -14.167
-3.067 20.133 -17.067
-8.233 21.533 -18.400
-13.500 23.933 -19.233
-18.333 26.700 -19.467
-21.267 29.333 -19.333
-33.133 44.400 -13.300
-35.600 49.133 -9.667
-36.333 50.633 -8.100
-38.367 56.533 2.333
-37.533 59.600 9.433
-36.000 61.767 15.733
-34.000 62.433 20.767
-30.900 63.033 24.800
-24.200 62.233 34.233
-19.933 60.233 38.633
-16.467 58.500 41.800
-14.333 58.500 42.367
-12.367 54.200 45.600
-11.900 50.233 47.233
-13.000 46.400 48.167
-15.667 42.933 48.067
-17.433 41.767 47.633
-23.233 38.700 45.600
-26.567 37.900 43.467
-29.933 37.400 40.967
-33.133 37.967 38.100
-33.667 38.200 37.567
-39.067 41.733 30.400
-40.833 44.367 26.100
-41.733 47.433 22.433
-41.600 51.133 18.767
-41.500 52.567 17.067
-39.000 59.233 9.000
-35.833 62.767 4.033
-31.733 65.533 -0.467
-28.833 66.400 -4.067
-23.833 66.267 -8.633
-17.400 62.933 -16.167
-12.600 57.467 -20.100
-7.600 50.167 -23.400
-4.667 46.300 -24.000
1.367 36.000 -22.600
4.000 30.433 -20.000
6.200 26.933 -17.967
8.067 24.633 -15.867
8.567 23.733 -15.167
8.600 21.467 -13.467
7.433 20.800 -13.833
4.900 20.133 -14.633
-4.967 20.300 -16.733
-10.700 21.467 -17.833
-16.000 23.133 -17.967
-21.167 25.567 -17.433
-23.233 26.767 -17.200
-29.700 33.100 -15.467
-32.667 37.367 -13.700
-35.233 42.633 -11.400
-36.600 47.267 -8.200
-36.567 47.900 -7.700
-38.067 55.633 0.700
-37.867 58.900 7.200
-36.100 61.600 15.267
-32.800 62.833 22.533
-31.533 63.033 24.500
-23.767 63.567 33.500
-19.967 63.633 36.033
-16.767 62.900 38.467
-14.667 61.533 40.533
-13.433 59.533 42.033
-12.267 55.600 45.300
-12.600 51.900 47.133
-14.067 46.967 48.000
-15.933 44.333 48.100
-20.433 39.100 47.100
-24.367 35.967 45.200
-28.000 34.033 42.267
-31.400 33.533 39.267
-32.333 33.067 38.367
-38.667 35.400 30.567
-41.367 37.800 25.200
-43.067 41.633 20.333
-43.233 46.533 15.933
-43.133 47.433 15.367
-40.400 55.900 6.267
-37.200 59.733 1.033
-32.767 62.900 -3.900
-28.500 63.967 -7.933
-24.533 64.133 -10.600
-14.033 62.233 -18.000
-6.933 58.833 -20.667
-0.733 55.933 -21.267
3.700 53.700 -20.700
13.100 37.567 -17.900
13.700 31.933 -16.167
13.267 27.100 -14.100
12.967 26.500 -13.933
10.300 21.267 -12.567
8.033 19.833 -12.933
4.767 18.867 -13.733
0.633 18.433 -14.867
-0.767 18.667 -15.267
-9.467 21.033 -17.800
-14.833 23.800 -18.667
-19.867 27.033 -18.700
-22.900 30.100 -18.700
-27.133 34.767 -17.667
-31.767 41.833 -14.567
-34.767 47.667 -11.200
-36.600 52.500 -5.667
-37.767 54.233 -2.167
-37.633 58.933 8.233
-36.167 60.700 16.833
-33.500 61.400 23.667
-29.800 60.967 29.900
-28.467 60.700 31.267
-21.767 58.967 38.133
-19.400 57.967 40.400
-17.933 57.000 41.900
-16.767 56.333 43.167
-16.200 56.300 43.633
-15.033 52.367 46.100
-15.400 49.167 47.033
-16.433 46.467 47.567
-18.267 44.500 47.333
-19.967 43.933 46.800
-23.500 42.500 45.400
-26.633 41.867 43.533
-29.833 42.800 41.167
-32.000 43.800 39.100
-35.667 45.600 35.333
-38.500 49.500 29.067
-39.567 53.567 24.100
-39.533 57.700 17.833
-39.167 59.100 14.967
-35.000 64.300 4.500
-30.600 66.167 -1.433
-18.967 62.733 -15.900
-10.867 57.800 -20.900
-6.067 54.667 -22.167
-0.400 50.467 -23.067
4.333 44.967 -22.567
6.333 42.000 -21.900
9.133 36.700 -20.167
10.567 30.833 -17.700
10.867 26.700 -16.033
10.467 24.267 -14.867
9.700 23.300 -14.667
5.000 20.333 -14.867
0.900 20.067 -16.200
-4.200 20.233 -17.300
-9.433 21.467 -17.767
-10.467 21.600 -17.700
-20.167 27.067 -18.933
-24.833 31.300 -18.200
-28.733 36.000 -16.800
-31.900 41.167 -15.000
-32.600 42.833 -14.400
-36.133 51.533 -7.767
-37.567 55.200 -1.933
-38.100 57.867 5.567
-37.700 59.267 11.000
-36.400 60.200 15.733
-32.533 59.933 27.100
-28.933 58.267 33.467
-25.067 56.967 37.733
-23.100 57.000 39.167
-19.900 55.300 41.967
-17.567 54.367 44.033
