6.833
7
7.067
7.1
7.233
7.233
7.067
6.6
6.5
6.667
6.667
7
6.8
6.8
7.2
7.3
7.567
7.633
7.633
8.733
9.433
9.5
10.033
10.133
14.867
18.567
21.167
21.333
20.867
13.8
7.667
0.967
-4.067
-6.533
-17.567
-21.633
-23.2
-22.1
-20.767
-13.9
-12.3
-11.067
-9.467
-9.533
-10.367
-11.133
-11.933
-13.5
-11.767
-11.3
-3.133
3.767
9.6
16.833
17.833
28.033
31.833
34.667
36.9
37.2
41.933
43.333
44.267
44.5
44.433
42.133
39.8
36.167
31.3
30.533
19.033
13.233
5.367
-3.033
-5.4
-17.667
-22.167
-24.267
-24.533
-24.2
-20.633
-17.6
-14.733
-12.433
-12.133
-11.8
-13.133
-15
-16.267
-18.5
-19.667
-20.233
-19
-14.4
-10.233
-3.067
4.767
6.5
22.5
27.8
31.3
34.3
35.167
39.8
42.133
44.4
46
46.433
46.9
46.1
44.567
43.233
39.133
33.667
28.833
22.533
20.167
11.733
7.167
0.967
-5.967
-7.3
-17.9
-22.533
-23.367
-21.467
-20.767
-14.133
-10.667
-9.067
-8.967
-9.467
-11.9
-13.9
-16.2
-17
-17
-14.767
-12.6
-7.633
1.567
9.8
17.7
20.067
29.2
33.467
36.1
38
38.233
42.733
45.433
46.567
47.133
47.133
46.033
43.633
41.033
38.4
35.533
27.567
22.267
16.567
13.1
4.433
-3.8
-11.133
-17.233
-18.833
-22.967
-22.733
-21.1
-18.067
-17.933
-13.933
-12.633
-12.033
-12.767
-12.933
-15.033
-16.367
-18.067
-17.033
-14.867
-11.6
-6.233
-4.633
8.033
15.133
23
27.2
32
38.4
41.6
43.733
44.833
46.967
47.867
47.8
46.6
46.3
43
40.567
37.733
34.2
33.133
24.733
20.567
16.433
10.267
7.867
-3.733
-10.3
-17.967
-21.767
-23.333
-22.567
-19.7
-16.167
-14.5
-11
-9.467
-9.6
-10.633
-11.067
-17.4
-18.7
-19.433
-20.3
-19
-16.233
-11.933
-10
1.533
8.567
15.667
23.4
24.167
33.367
37.1
40.233
42.467
43.833
47.633
49.067
49.367
49.533
49.3
48.367
46.567
43.9
42.267
34.733
28.933
23.2
17.433
16.567
7.3
0.967
-5.933
-11.4
-12.067
-19.8
-21.167
-20.833
-19.5
-18.3
-14.7
-13.1
-12.733
-14.167
-15.767
-16.8
-18
-18.3
-18.6
-17.267
-15.633
-13.133
-7.8
1.033
8.267
16.333
18.9
29.3
33.1
35
36.933
37.233
41.233
43.933
46.533
48.6
48.833
49.2
48.233
46.6
45.233
43.267
37.367
32.4
28
25.633
20.367
14.333
10.533
6.533
4.9
-4.067
-9.633
-14.367
-17.667
-18.1
-17.333
-15.5
-14.7
-12.467
-12.333
-13.033
-14.233
-14.5
-16.567
-17.567
-18.1
-17.9
-17.733
-14.9
-11.567
-6.367
-1.067
6.233
15.667
22.233
28.267
29.767
33.133
35.6
38.5
40.767
41.567
45.967
48.067
48.7
47.9
47.767
43.867
40.533
36.6
32.7
30.833
21.8
16.333
11.833
8.7
3.7
-3.233
-8.033
-16.567
-19.567
-19.7
-19.333
-18.667
-17.5
-15.367
-14.1
-13.067
-13.367
-14.133
-15
-14.667
-14.533
-14.667
-13.867
-11.267
-6.667
-0.9
1.033
12.133
17.6
23.767
28.867
32.533
38.367
40.533
43
44.433
46.133
46.3
45.333
42.833
41.5
34.767
29.867
24.3
18.733
17.933
7.4
2.133
-2.3
-5.7
-6.167
-18.4
-20.333
-20.367
-17.933
-15.033
-11.533
-8.433
-8.167
-6.967
-7.9
-9.767
-10.6
-10.733
-10.167
-9.6
-7.2
-5.067
-0.533
6.9
14.267
21.5
24.2
32.367
35.867
38.833
41.267
41.6
43.967
45.133
45.467
44.467
43.933
38.867
36.333
33.567
30.867
28.1
20.367
15.3
9.667
6.2
-1.633
-6.433
-10.7
-19.367
-22.267
-21.967
-20.433
-19.367
-16.033
-13.067
-11.333
-10.667
-10.667
-12.067
-13.167
-14.4
-15.4
-15.467
-16.7
-15.667
-13.067
-10.033
-8.967
3
13.1
21.467
26.933
33
38.233
40.433
42.133
42.9
44.567
45.467
45.133
44.933
44.767
42.967
39.967
36.9
33.633
33.167
25.4
20.767
16.7
12.633
9.967
-7.1
-11.267
-12.1
-19.533
-22.267
-22.767
-21.933
-21.1
-15.767
-12.133
-9.933
-9.267
-9.5
-10.9
-12.567
-13.8
-14.3
-15
-13.933
-12.433
-9.4
-8.133
2.167
9.333
17.4
25.2
26.6
36.967
39.267
40.733
41.9
42.667
45.467
46.633
46.7
46.367
43.833
40.667
36.867
32.867
30.8
22.8
16.6
10.367
-4.5
-9.1
-11.6
-15.067
-16.367
-20.533
-21.333
-19.967
-17
-16.267
-9.933
-8.233
-7.4
-8.1
-8.5
-11.367
-12.267
-12.8
-12.567
-11.8
-9.3
-5.767
-1.767
0.767
8.067
16.233
22.9
28.733
30.8
37.333
38.9
40.367
42.4
42.567
45.167
45.067
43.767
42.133
41.233
36.067
31.833
27.2
24.133
20.267
3.233
-2.967
-4.533
-16.5
-21.067
-24.233
-24.2
-23.8
-20.967
-18.233
-15.167
-14.233
-13.467
-13.333
-13.767
-15.8
-16.133
-17.6
-17.3
-16.567
-14.733
-14.2
-7.567
-2.233
4.9
12.667
14.333
25.933
31.467
35.533
37.633
38.567
40.933
43.5
45.733
46.733
47.333
46.4
44.5
41.833
40.4
33.133
28.433
22.8
5.967
0.167
-4.6
-8.867
-9.967
-15.567
-17.7
-19.6
-19.6
-19.567
-15.567
-12.3
-10.133
-9.167
-9.133
-10.4
-12.133
-13.367
-14.033
-14.7
-13.767
-11.833
-8.733
-6.133
1.3
8.033
14.767
21.333
23.233
31.767
35.3
37.933
39.967
40.233
44.233
46.1
45.933
45.433
44.3
40.967
37.467
33.633
30.933
25.233
11.533
6.9
3.933
-3.833
-7.367
-11.067
-13.2
-15.7
-17.7
-16.6
-14.733
-14.1
-12.5
-11.967
-12.267
-13.6
-13.933
-16.5
-17.667
-18.833
-19.167
-19.033
-17.767
-16.433
-13.8
-10.1
-7
4.967
12.633
20
24.3
30.133
35.567
38.567
40.9
41.733
44.5
46
46.667
46.7
46.7
43.367
41.233
38.967
28.933
24.1
19.267
14.033
13.467
6.233
2.267
-3.567
-8.533
-9.5
-13.933
-14.033
-13.433
-13.067
-12.667
-12.1
-12.6
-13.8
-14.833
-17.333
-19.533
-20.833
-21.5
-21.567
-20.4
-17.933
-13.767
-7.833
-6.733
5.767
12.867
20.5
26.9
28.167
35.133
36.933
39.333
41.3
42.733
45.267
46.2
46.467
46.033
44.167
37.233
35.167
30.567
24.9
20.7
16.633
14.833
8.067
4.567
1.233
-3.233
-4.233
-12.267
-14.333
-15.2
-14.767
-14.7
-13.633
-12.933
-12.8
-13.533
-14.8
-18.1
-19.533
-21.033
-21.3
-21.2
-19.433
-17.133
-13
-11.2
-1.733
5.967
14.967
23.167
24.267
33
35.633
38.267
40.667
41.333
44.8
46.433
47.033
44.533
42.067
39.267
35.033
33.7
22.867
16.767
10.767
6.167
2.067
-3.7
-8
-12.867
-15.367
-18.667
-18.867
-17.533
-15.567
-14.933
-11.533
-11.167
-11.567
-12.767
-12.933
-15.833
-17.2
-18.033
-17.933
-17.767
-16.5
-13.967
-10.2
-7.033
-2.333
6.667
13.133
19.967
23.767
30.933
34.833
37.2
39.367
40.367
44.433
46.833
46.867
44.967
42.633
39.8
36.367
34.933
25.833
18.7
11
3.7
3.033
-6.533
-11.9
-17.267
-19.333
-20.1
-18.467
-15.667
-11.8
-10.2
-8.267
-7.233
-8.633
-11.2
-12.2
-15.267
-17.2
-18.4
-18.9
-18.833
-16.833
-14.4
-10.9
-5.933
-4.8
8.833
16.7
23.133
28.467
30.433
36.267
37.7
39.567
43.733
44.967
45.6
45.267
44.133
40.6
37.367
33.033
29.5
22.967
16.9
11.5
5.3
3.3
-2.5
-6.333
-11.533
-16.6
-17.3
-18.467
-16.767
-14.267
-11.8
-11.5
-10.667
-11.9
-13.7
-15.467
-16.333
-18.333
-18.933
-18.8
-18
-16.267
-12.333
-7.433
-0.833
2.133
15.167
22.7
28.5
32.567
33.1
37.833
43.667
44.633
47.067
47.633
46.9
45.367
44.833
40.8
38.133
35.267
32.467
31.3
24.8
20.733
16.1
12.4
8.2
1.267
-2.7
-7.067
-10
-15.4
-17.433
-17.1
-16.167
-15.667
-12.367
-11.6
-12.4
-13.8
-14.033
-16.467
-17
-17.067
-16.533
-16.233
-12.867
-10.467
-6.567
-2.767
3.2
13.5
20.3
26.467
36.467
39.333
41.7
43.6
44.8
46.967
47.133
46.833
45.667
42.533
39.067
35.5
30.067
28.733
17.5
11.2
4.633
-0.9
-1.8
-7.667
-11.433
-14.933
-16.7
-16.8
-14.467
-11.967
-9.933
-9
