0.477516 0.135699 -0.877113 164.136072
0.490920 -0.143218 -0.887478 196.263740
0.423465 -0.381369 -0.866717 222.005901
0.378222 -0.457429 -0.844167 230.414560
0.226201 -0.658008 -0.774640 251.028717
0.072764 -0.739567 -0.730818 264.380933
-0.110523 -0.779757 -0.677200 278.067400
-0.285203 -0.772117 -0.625146 290.273158
-0.328935 -0.758145 -0.620559 293.454493
-0.632345 -0.602235 -0.541938 316.397111
-0.790320 -0.456853 -0.486511 329.969496
-0.895666 -0.292785 -0.422683 341.897896
-0.950938 -0.179442 -0.376119 349.313936
-1.015293 0.031500 -0.219048 1.777072
-1.004003 0.183247 -0.121847 10.343594
-0.969103 0.297743 -0.034326 17.078808
-0.924202 0.376778 0.063367 22.179726
-0.916727 0.387715 0.080959 22.925173
-0.830743 0.460844 0.202220 29.018774
-0.781551 0.472198 0.244700 31.139579
-0.756608 0.479713 0.282835 32.375991
-0.740254 0.479914 0.313896 32.955748
-0.733321 0.478034 0.343493 33.099320
-0.703112 0.481900 0.368944 34.426033
-0.693055 0.490304 0.371727 35.277636
-0.687328 0.493500 0.365407 35.678285
-0.691868 0.492661 0.380499 35.453688
-0.689650 0.507240 0.373115 36.334587
-0.698855 0.513741 0.384172 36.320269
-0.692401 0.513888 0.384339 36.582167
-0.683356 0.519413 0.373303 37.238182
-0.681703 0.530770 0.375730 37.904142
-0.681703 0.530770 0.375730 37.904142
-0.685678 0.533153 0.381011 37.867041
-0.685057 0.530849 0.395515 37.772050
-0.686510 0.539825 0.390702 38.179135
-0.688528 0.544140 0.391620 38.319147
-0.678855 0.550956 0.386456 39.062663
-0.683597 0.551601 0.379923 38.900386
-0.681913 0.559834 0.384072 39.385126
-0.678179 0.563505 0.397184 39.723500
-0.663864 0.572577 0.393860 40.777477
-0.667564 0.572976 0.402867 40.639801
-0.667694 0.579000 0.396452 40.930660
-0.666163 0.578159 0.407843 40.954536
-0.665367 0.575334 0.417300 40.849558
-0.669543 0.582078 0.409114 41.002619
-0.669574 0.583763 0.403313 41.083319
-0.668933 0.590802 0.387842 41.450955
-0.670952 0.593678 0.384681 41.503355
-0.673782 0.589314 0.381168 41.174099
-0.676146 0.595389 0.375388 41.365943
-0.672583 0.597420 0.368597 41.612980
-0.667966 0.604954 0.356004 42.166092
-0.681815 0.603444 0.348903 41.510565
-0.685035 0.596775 0.354233 41.061101
-0.687681 0.599800 0.349280 41.095153
-0.676892 0.605871 0.341758 41.831032
-0.680241 0.605227 0.340673 41.660257
-0.683705 0.597417 0.343999 41.146750
-0.688208 0.598487 0.356260 41.011263
-0.678711 0.602947 0.347984 41.616945
-0.682451 0.597120 0.347584 41.184773
-0.675607 0.601011 0.342986 41.655855
-0.679904 0.596996 0.347844 41.285025
-0.675934 0.595337 0.363432 41.372375
-0.681829 0.596256 0.366166 41.169548
-0.676308 0.601659 0.359092 41.657005
-0.669120 0.603790 0.361192 42.061993
-0.663504 0.605577 0.375601 42.386547
-0.661165 0.606220 0.371027 42.517623
-0.664597 0.599604 0.388313 42.057017
-0.661804 0.602059 0.394656 42.293553
-0.647994 0.598783 0.396429 42.739700
-0.655557 0.604414 0.394068 42.675604
-0.656121 0.601192 0.403878 42.498465
-0.653957 0.602357 0.404350 42.648039
-0.641116 0.606745 0.413950 43.422245
-0.633004 0.618965 0.399753 44.357555
-0.638830 0.620108 0.405458 44.148025
-0.625092 0.618771 0.429208 44.708811
-0.624212 0.624796 0.428453 45.026760
-0.617092 0.628142 0.431661 45.508420
-0.618781 0.620633 0.448381 45.085628
-0.600295 0.620805 0.465954 45.962283
-0.600683 0.619940 0.478877 45.903843
-0.594335 0.620833 0.487061 46.249196
-0.582298 0.623013 0.491756 46.934728
-0.586136 0.622965 0.494821 46.744682
-0.594247 0.588929 0.533028 44.742499
-0.599545 0.568130 0.551684 43.458887
-0.597128 0.550775 0.565460 42.687598
-0.603642 0.533620 0.581781 41.476704
-0.610908 0.526233 0.581262 40.741429
-0.621284 0.491054 0.606146 38.322333
-0.625077 0.471814 0.613601 37.045837
-0.617376 0.466631 0.621904 37.083090
-0.613958 0.464621 0.617802 37.117098
-0.614217 0.430159 0.644833 35.005000
-0.615990 0.410922 0.663608 33.706895
-0.602400 0.401226 0.677809 33.665409
-0.597246 0.394729 0.681773 33.461302
-0.581646 0.398940 0.679677 34.445477
-0.566663 0.389394 0.703405 34.495724
-0.557171 0.368444 0.727772 33.475714
-0.550380 0.360360 0.735109 33.214680
-0.537769 0.373673 0.733599 34.793762
-0.522544 0.359512 0.743015 34.528107
-0.523438 0.344860 0.756954 33.378380
-0.522971 0.330605 0.770540 32.299740
-0.526786 0.320961 0.775800 31.353171
-0.509924 0.329908 0.772736 32.901827
-0.478126 0.319490 0.792625 33.751338
-0.459161 0.311156 0.802440 34.123985
-0.450075 0.298212 0.816665 33.527816
-0.428540 0.306291 0.817163 35.554572
-0.412266 0.295479 0.833487 35.629926
-0.383100 0.296712 0.835238 37.757933
-0.367760 0.289717 0.840242 38.230656
-0.368614 0.279852 0.859510 37.205791
-0.356777 0.235566 0.878363 33.435250
-0.334265 0.242453 0.870561 35.954550
-0.314787 0.226805 0.886580 35.772828
-0.324476 0.208485 0.896769 32.721837
-0.310452 0.181901 0.906517 30.367059
-0.293881 0.182766 0.908831 31.877669
-0.270809 0.192158 0.908009 35.358378
-0.272890 0.175149 0.913176 32.693603
-0.264295 0.157046 0.915233 30.719009
-0.255004 0.140457 0.926133 28.846090
-0.239633 0.131777 0.936939 28.806879
-0.245545 0.143008 0.920687 30.216874
-0.251741 0.126495 0.921114 26.678625
-0.250770 0.120270 0.917366 25.622411
-0.243283 0.086128 0.941239 19.495107
-0.245739 0.100135 0.926214 22.170263
-0.242696 0.105887 0.921851 23.571358
-0.243316 0.111068 0.915506 24.535601
-0.241679 0.083348 0.930651 19.027827
-0.248327 0.066462 0.924239 14.983410
-0.257074 0.074052 0.925344 16.069398
-0.268982 0.062969 0.918906 13.175802
-0.270359 0.077202 0.912512 15.936871
-0.278482 0.052754 0.910864 10.726664
-0.275430 0.040283 0.921880 8.320745
-0.271492 0.037431 0.923509 7.849875
-0.271492 0.063564 0.911736 13.177173
-0.248711 0.063434 0.912213 14.308378
-0.248835 0.048358 0.913018 10.997719
-0.242411 0.026935 0.927314 6.340390
-0.235367 0.025025 0.932103 6.069140
-0.224576 0.033974 0.932740 8.602617
-0.243253 0.047513 0.909387 11.052108
-0.256621 0.041813 0.906768 9.254188
-0.261156 0.015556 0.916842 3.408881
-0.268168 0.040475 0.902002 8.583015
-0.286332 -0.002688 0.916557 359.462111
-0.303004 -0.003530 0.901390 359.332476
-0.313634 0.003066 0.893039 0.560171
-0.327629 -0.002486 0.888627 359.565342
-0.326513 -0.027924 0.902121 355.111798
-0.339246 -0.028741 0.896742 355.157511
-0.334680 -0.005608 0.888391 359.039980
-0.356239 -0.006969 0.877539 358.879265
-0.359229 -0.025440 0.885819 355.949155
-0.370639 -0.027769 0.882916 355.715318
-0.365124 0.001612 0.876780 0.253028
-0.364697 -0.018869 0.880959 357.038270
-0.370164 0.015275 0.868405 2.362981
-0.370491 0.006723 0.880693 1.039532
-0.364702 0.006549 0.885977 1.028727
-0.356382 0.019440 0.880693 3.122287
-0.363533 0.043912 0.859911 6.887475
-0.382720 0.042948 0.854366 6.402826
-0.389289 0.035635 0.858611 5.230280
-0.399734 0.024927 0.864671 3.568296
-0.402724 0.032589 0.861179 4.626413
-0.401004 0.065986 0.842566 9.344409
-0.415810 0.079327 0.826030 10.800904
-0.435066 0.079579 0.821592 10.365476
-0.454766 0.059796 0.821616 7.490649
-0.456204 0.078837 0.807698 9.804487
-0.483269 0.056006 0.806589 6.610461
-0.511535 0.071579 0.778187 7.965637
-0.531558 0.068653 0.757856 7.359301
-0.553461 0.044358 0.756158 4.582229
-0.555013 0.032979 0.766583 3.400483
-0.574463 0.015052 0.751820 1.500946
-0.592025 0.024968 0.717951 2.414986
-0.606794 0.012646 0.706277 1.193867
-0.613404 -0.002332 0.697035 359.782186
-0.618672 -0.027694 0.713334 357.436932
-0.624930 -0.040837 0.702157 356.261227
-0.630255 -0.034542 0.682370 356.863002
-0.642684 -0.044782 0.670201 356.014090
-0.644741 -0.069948 0.681643 353.808224
-0.648872 -0.082395 0.677848 352.763172
-0.650104 -0.091694 0.676458 351.971669
-0.657104 -0.087160 0.652048 352.444286
-0.665801 -0.098046 0.640753 351.622866
-0.666559 -0.116567 0.648397 350.080517
-0.672357 -0.148998 0.655359 347.504881
-0.676551 -0.159515 0.635881 346.733320
-0.683841 -0.161624 0.620929 346.702352
-0.685900 -0.189667 0.624212 344.542640
-0.709139 -0.227557 0.596034 342.209006
-0.715138 -0.232371 0.569599 341.999383
-0.720119 -0.255407 0.564202 340.471766
-0.718574 -0.272316 0.578260 339.244945
-0.736779 -0.299889 0.559397 337.852337
-0.742503 -0.308126 0.532608 337.462426
-0.751399 -0.311772 0.516005 337.465382
-0.738308 -0.330222 0.526671 335.902555
-0.752112 -0.349485 0.528039 335.077054
-0.753544 -0.354422 0.513183 334.810528
-0.755153 -0.360276 0.499294 334.494622
-0.757914 -0.365856 0.494673 334.232744
-0.757440 -0.375079 0.503707 333.655730
-0.749686 -0.394420 0.511848 332.250530
-0.750489 -0.395189 0.511022 332.229837
-0.752364 -0.391149 0.497014 332.530378
-0.740343 -0.400474 0.506734 331.589705
-0.744999 -0.411356 0.518078 331.094432
-0.730225 -0.424451 0.524734 329.832266
-0.731556 -0.429410 0.522730 329.587845
-0.734135 -0.429040 0.512589 329.697328
-0.733805 -0.440865 0.528391 329.002855
-0.725064 -0.452048 0.535918 328.058111
-0.728237 -0.450336 0.537945 328.267669
-0.731511 -0.447163 0.531199 328.563103
-0.733141 -0.441982 0.519195 328.915839
-0.733492 -0.442378 0.525208 328.905307
-0.735944 -0.447308 0.542352 328.708689
-0.733404 -0.449588 0.555323 328.491079
-0.732448 -0.439745 0.548908 329.020370
-0.729985 -0.448720 0.559380 328.421075
-0.740057 -0.442495 0.549850 329.123929
-0.733333 -0.446486 0.566454 328.665091
-0.735006 -0.443930 0.574070 328.868833
-0.729660 -0.436566 0.576121 329.107324
-0.733002 -0.430738 0.574563 329.559965
-0.749290 -0.428553 0.571422 330.232809
-0.744194 -0.423046 0.588260 330.383434
-0.739972 -0.419970 0.597221 330.422958
-0.747748 -0.417166 0.598658 330.843003
-0.750027 -0.400802 0.586745 331.880690
-0.748222 -0.405066 0.597783 331.570168
-0.750300 -0.391624 0.603416 332.437377
-0.743927 -0.397449 0.621953 331.886285
-0.736991 -0.400053 0.630681 331.506042
-0.738764 -0.396035 0.629524 331.805222
-0.745065 -0.385670 0.626196 332.632473
-0.734167 -0.399282 0.642826 331.460116
-0.732980 -0.396925 0.651598 331.563476
-0.733041 -0.389238 0.652233 332.032110
-0.739480 -0.379320 0.642962 332.844240
-0.740136 -0.373169 0.647607 333.243243
-0.735783 -0.376118 0.662983 332.924792
-0.733342 -0.374058 0.675340 332.975121
-0.733930 -0.369122 0.678877 333.300376
-0.732767 -0.360047 0.677295 333.832666
-0.726738 -0.361235 0.697294 333.569717
-0.730002 -0.348712 0.698234 334.466863
-0.728853 -0.346824 0.713916 334.552592
-0.730734 -0.344940 0.712618 334.730578
-0.730903 -0.342263 0.704954 334.907529
-0.724838 -0.344420 0.713964 334.584426
-0.720728 -0.344193 0.739574 334.472614
-0.722608 -0.340869 0.742356 334.745816
-0.726928 -0.335288 0.745019 335.238983
-0.718912 -0.337667 0.762377 334.840947
-0.730933 -0.328342 0.752657 335.809921
-0.728669 -0.328639 0.761902 335.724034
-0.733339 -0.323453 0.770578 336.199208
-0.733362 -0.313857 0.768383 336.830492
-0.737545 -0.312146 0.764750 337.060791
-0.744089 -0.298604 0.771655 338.134310
-0.743880 -0.295055 0.788728 338.364574
-0.730051 -0.282509 0.797713 338.844959
-0.734830 -0.280896 0.802169 339.080183
-0.739800 -0.267009 0.796765 340.154429
-0.734588 -0.250020 0.821429 341.203779
-0.726563 -0.245927 0.838315 341.300072
-0.726661 -0.238710 0.845859 341.814537
-0.735784 -0.226236 0.838545 342.908564
-0.741465 -0.221052 0.841561 343.399176
-0.736928 -0.216612 0.855498 343.619898
-0.735526 -0.209989 0.864552 344.066207
-0.741690 -0.202054 0.859008 344.761059
-0.773649 -0.207182 0.846834 345.008079
-0.780854 -0.197562 0.829828 345.801662
-0.788600 -0.196443 0.837065 346.012088
-0.788951 -0.196839 0.843079 345.991029
-0.806401 -0.177595 0.829748 347.579929
-0.818478 -0.158429 0.807952 349.045003
-0.818884 -0.150422 0.797810 349.591323
-0.817658 -0.144717 0.807831 349.963213
-0.822719 -0.118580 0.805420 351.798316
-0.824859 -0.100330 0.803529 353.065025
-0.824936 -0.080892 0.789258 354.399548
-0.818640 -0.065841 0.797605 355.401786
-0.816857 -0.061947 0.802368 355.663239
-0.818263 -0.041713 0.802411 357.081760
-0.814691 -0.031771 0.799226 357.766759
-0.795632 -0.020466 0.810594 358.526529
-0.798415 -0.013571 0.811936 359.026192
-0.791431 -0.006355 0.821440 359.539920
-0.790001 -0.005735 0.824058 359.584060
-0.780961 -0.002365 0.825733 359.826514
-0.783326 0.002271 0.815875 0.166102
-0.783844 0.007430 0.822382 0.543088
-0.778851 0.010081 0.818209 0.741579
-0.767545 0.016034 0.837287 1.196702
-0.772013 0.013256 0.830401 0.983712
-0.775776 0.015586 0.823726 1.151000
-0.778599 0.016255 0.815660 1.196005
-0.762789 0.024015 0.830637 1.803295
-0.759049 0.029842 0.831037 2.251415
-0.762261 0.028206 0.831815 2.119174
-0.749735 0.031229 0.836439 2.385216
-0.751608 0.038147 0.830589 2.905479
-0.746056 0.043304 0.833396 3.321928
-0.750788 0.053298 0.834548 4.060597
-0.753058 0.052879 0.842094 4.016637
-0.754139 0.051215 0.829383 3.885105
-0.737319 0.058976 0.850020 4.573222
-0.713873 0.062046 0.853538 4.967394
-0.714659 0.074221 0.851766 5.929226
-0.696060 0.081559 0.864928 6.683040
-0.689956 0.081311 0.871107 6.721289
-0.710643 0.079504 0.859973 6.383461
-0.701262 0.075359 0.852028 6.133567
-0.682708 0.074316 0.868493 6.212474
-0.683915 0.085872 0.869764 7.156578
-0.696221 0.089269 0.852711 7.306531
-0.713758 0.093906 0.833275 7.495090
-0.718285 0.100254 0.831103 7.945704
-0.714689 0.104918 0.842351 8.351465
-0.717113 0.118679 0.837207 9.397040
-0.719467 0.132665 0.835034 10.447578
-0.721119 0.148880 0.824914 11.665203
-0.723956 0.165616 0.814180 12.885553
-0.725899 0.172310 0.805359 13.353395
-0.753102 0.201297 0.774762 14.964805
-0.747159 0.211636 0.776884 15.815037
-0.742852 0.225001 0.779712 16.850954
-0.754806 0.231672 0.764804 17.062740
-0.758049 0.231721 0.759780 16.997366
-0.765805 0.246745 0.739401 17.859131
-0.764276 0.243026 0.742633 17.639740
-0.758242 0.242554 0.745841 17.738971
-0.760682 0.243372 0.741643 17.741533
-0.758339 0.251210 0.757465 18.328187
-0.760161 0.267224 0.731522 19.368430
-0.771089 0.285400 0.717249 20.310801
-0.766432 0.299160 0.714064 21.322123
-0.772984 0.304791 0.717363 21.519553
-0.776542 0.303476 0.707363 21.345775
-0.767855 0.303573 0.706894 21.571466
-0.773745 0.305208 0.692837 21.527038
-0.769201 0.313242 0.698143 22.157650
-0.768849 0.315077 0.696209 22.283948
-0.748161 0.319762 0.715502 23.141737
-0.741193 0.315473 0.730031 23.056030
-0.738715 0.316564 0.731399 23.196768
-0.738301 0.315029 0.741068 23.107665
-0.739105 0.312821 0.736163 22.940192
-0.732055 0.313066 0.728241 23.154130
-0.734464 0.312199 0.729844 23.028900
-0.734639 0.312720 0.734890 23.058444
-0.726663 0.304116 0.742841 22.709817
-0.717568 0.299084 0.760672 22.626458
-0.711460 0.273418 0.761834 21.022036
-0.696854 0.265878 0.768984 20.883862
-0.679981 0.260919 0.793537 20.992579
-0.672279 0.257176 0.805920 20.934003
-0.659759 0.256605 0.819175 21.252920
-0.651255 0.250752 0.824225 21.058139
-0.647432 0.240735 0.830265 20.396642
-0.646745 0.231460 0.827343 19.691493
-0.631160 0.224166 0.830271 19.553292
-0.624337 0.215837 0.847489 19.070544
-0.617233 0.207679 0.855722 18.596410
-0.625216 0.212690 0.856404 18.787582
-0.631702 0.212788 0.846356 18.616062
-0.636267 0.215789 0.842935 18.734293
-0.644145 0.218616 0.831520 18.746627
-0.646899 0.219508 0.826425 18.743272
-0.643930 0.224320 0.835881 19.206301
-0.640404 0.227320 0.840079 19.543001
-0.624688 0.241574 0.841730 21.142097
-0.621782 0.249756 0.839583 21.884256
-0.632625 0.253527 0.835029 21.838631
-0.635265 0.261585 0.825523 22.380525
-0.652641 0.257073 0.814225 21.499359
-0.664815 0.257324 0.811746 21.159472
-0.671760 0.253456 0.803492 20.671531
-0.671690 0.255118 0.810542 20.797559
-0.673503 0.255788 0.808136 20.796146
-0.687240 0.257125 0.784386 20.512933
-0.694245 0.260944 0.776767 20.599603
-0.697357 0.257847 0.786318 20.291843
-0.710725 0.250708 0.779619 19.430250
-0.715220 0.256810 0.787328 19.751420
-0.704416 0.248253 0.786554 19.413664
-0.713340 0.252047 0.780467 19.460058
-0.711704 0.249022 0.779761 19.284690
-0.707970 0.252693 0.792872 19.642837
-0.713071 0.246471 0.792825 19.067539
-0.700415 0.242030 0.799785 19.062752
-0.700981 0.235931 0.801437 18.601829
-0.704506 0.234370 0.801319 18.400848
-0.710504 0.233872 0.787121 18.219689
-0.715673 0.228865 0.788183 17.733734
-0.708385 0.228096 0.794976 17.848260
-0.708422 0.227626 0.801885 17.812948
-0.705425 0.224997 0.800825 17.690190
-0.711314 0.228071 0.790848 17.777567
-0.709745 0.229138 0.799409 17.892473
-0.706220 0.230700 0.799527 18.090587
-0.715703 0.233428 0.790540 18.063827
-0.721325 0.228047 0.784762 17.544372
-0.714174 0.228270 0.789692 17.725304
-0.719261 0.230673 0.776461 17.781505
-0.714764 0.230327 0.785070 17.861132
-0.716300 0.230452 0.790469 17.834342
-0.717623 0.231965 0.787993 17.912936
-0.721073 0.232782 0.778135 17.891485
-0.715950 0.227970 0.776297 17.662291
-0.718145 0.231368 0.778183 17.857619
-0.719926 0.230352 0.781578 17.742942
-0.720758 0.235586 0.787190 18.100402
-0.718633 0.233403 0.786412 17.993155
-0.720835 0.230329 0.788771 17.720300
-0.720944 0.225319 0.780471 17.355745
-0.718459 0.230003 0.773207 17.751633
-0.723032 0.227971 0.774339 17.500004
-0.719964 0.228443 0.784409 17.604157
-0.713823 0.230104 0.787758 17.866976
-0.716194 0.229707 0.782452 17.782747
-0.723100 0.230625 0.779526 17.689560
-0.716092 0.231124 0.799383 17.887846
-0.719750 0.231270 0.780611 17.813211
-0.715705 0.230550 0.782381 17.855304
-0.716858 0.230825 0.791648 17.848305
-0.710893 0.231568 0.795965 18.042640
-0.722159 0.230403 0.782215 17.695124
-0.719514 0.224500 0.779009 17.328746
-0.721181 0.230649 0.777994 17.735424
-0.711384 0.227847 0.787877 17.759603
-0.716958 0.233725 0.786955 18.055732
-0.719925 0.231791 0.785658 17.846786
-0.718181 0.232337 0.789172 17.926799
-0.714489 0.226905 0.784717 17.618630
-0.724254 0.228022 0.780635 17.475945
-0.719468 0.232880 0.775706 17.935944
-0.717654 0.233650 0.782191 18.033915
-0.714243 0.229485 0.790800 17.812117
-0.714626 0.229335 0.786933 17.792311
-0.721395 0.226384 0.777711 17.422630
-0.716646 0.230773 0.779692 17.849490
-0.713409 0.228569 0.797427 17.764916
-0.717065 0.231593 0.786814 17.899049
-0.714136 0.230178 0.786862 17.865027
-0.719826 0.227452 0.786272 17.535596
-0.723483 0.230476 0.775659 17.670035
-0.717724 0.231987 0.775141 17.912174
-0.713089 0.230649 0.785612 17.923835
-0.717974 0.231569 0.794006 17.876159
-0.720385 0.226385 0.783371 17.445647
-0.722297 0.229955 0.776272 17.659716
-0.719613 0.228839 0.778395 17.640812
-0.716891 0.229632 0.777688 17.761103
-0.713440 0.228815 0.787546 17.782080
-0.712775 0.232014 0.790588 18.030480
-0.715290 0.229014 0.792050 17.753492
-0.721325 0.228047 0.784762 17.544372
-0.713793 0.225541 0.785401 17.535258
-0.717066 0.228714 0.778655 17.690526
-0.717241 0.230675 0.787781 17.828559
-0.717829 0.235611 0.791317 18.171223
-0.709501 0.228840 0.797334 17.876444
-0.720905 0.228666 0.781720 17.598690
-0.718739 0.232710 0.790351 17.940640
-0.725157 0.230154 0.775116 17.608637
-0.717967 0.235163 0.785375 18.135700
-0.712217 0.231641 0.789409 18.016609
-0.716927 0.230601 0.788677 17.830485
-0.725195 0.228245 0.777946 17.470669
-0.721983 0.231320 0.781248 17.765206
-0.722297 0.229955 0.776272 17.659716
-0.721043 0.229658 0.779857 17.667096
-0.719229 0.231867 0.790421 17.868400
-0.718533 0.230503 0.791106 17.786053
-0.713227 0.230202 0.779670 17.888025
-0.727673 0.227154 0.776578 17.336555
-0.719994 0.231568 0.782686 17.829043
-0.726832 0.229832 0.774573 17.547491
-0.720101 0.230874 0.786625 17.776552
-0.722373 0.226138 0.781932 17.382627
-0.721502 0.225691 0.781650 17.370062
-0.720729 0.229584 0.780753 17.668945
-0.705211 0.227823 0.797028 17.903366
-0.712361 0.229039 0.796177 17.823705
-0.722578 0.231222 0.789336 17.744481
-0.718886 0.224351 0.780802 17.332171
-0.712706 0.230799 0.789480 17.943727
-0.718985 0.230129 0.784267 17.748596
-0.712393 0.229285 0.786297 17.840885
-0.712776 0.229136 0.782429 17.821020
-0.711521 0.230278 0.790093 17.933737
-0.717278 0.230206 0.794691 17.793682
-0.715429 0.228567 0.786107 17.717756
-0.719965 0.227005 0.780329 17.500042
-0.717525 0.224747 0.780448 17.391905
-0.712079 0.229211 0.787193 17.842829
-0.711489 0.228593 0.795895 17.811565
-0.718289 0.228766 0.784951 17.665991
-0.716791 0.226731 0.782382 17.552920
-0.719129 0.227527 0.791035 17.556985
-0.713716 0.232237 0.787899 18.024423
-0.715428 0.230006 0.790187 17.822283
-0.717838 0.227700 0.787711 17.599149
-0.720485 0.229286 0.778678 17.653046
-0.720553 0.230501 0.779786 17.739180
-0.723137 0.230156 0.786436 17.654916
-0.719022 0.229660 0.791177 17.713772
-0.722510 0.228568 0.784149 17.554907
-0.716056 0.228715 0.784315 17.713992
-0.720868 0.229136 0.774810 17.633461
-0.719818 0.233924 0.785799 18.002942
-0.718288 0.230205 0.789031 17.770166
-0.720414 0.232387 0.789808 17.878396
-0.712775 0.230575 0.786508 17.925812
-0.721907 0.235137 0.775587 18.041302
-0.716881 0.238982 0.785374 18.436472
-0.711825 0.238263 0.792804 18.506461
-0.717646 0.241561 0.785798 18.603319
-0.720331 0.241238 0.779595 18.515623
-0.713440 0.254948 0.775774 19.664343
-0.703978 0.264694 0.790725 20.606115
-0.706692 0.270373 0.790959 20.936306
-0.707205 0.276247 0.780676 21.336537
-0.701402 0.284700 0.772776 22.092320
-0.701009 0.294199 0.784329 22.766806
-0.693736 0.308059 0.784375 23.944004
-0.688459 0.315199 0.783455 24.599853
-0.693308 0.313711 0.776780 24.346001
-0.672643 0.351248 0.773948 27.573105
-0.669384 0.364142 0.778025 28.545975
-0.663694 0.368307 0.782695 29.027444
-0.657706 0.385588 0.777434 30.381486
-0.652636 0.392057 0.767600 30.994390
-0.650455 0.407604 0.771206 32.073090
-0.642142 0.415463 0.770475 32.902640
-0.622379 0.431876 0.782054 34.757182
-0.621424 0.441718 0.775638 35.405842
-0.615994 0.457932 0.767477 36.627236
-0.607605 0.471047 0.765165 37.784720
-0.601914 0.476651 0.773914 38.375475
-0.586426 0.504148 0.776695 40.685505
-0.576677 0.514781 0.765871 41.754279
-0.569404 0.527201 0.761837 42.796081
-0.559515 0.541160 0.765114 44.044649
-0.548442 0.551720 0.760846 45.170746
-0.524658 0.572692 0.759762 47.506408
-0.522018 0.592207 0.761575 48.604500
-0.510074 0.599442 0.748865 49.605023
-0.496774 0.609236 0.760751 50.806037
-0.479368 0.633878 0.753841 52.901726
-0.461076 0.643445 0.753395 54.375612
-0.442042 0.658589 0.746250 56.130681
-0.433127 0.671578 0.732879 57.180469
-0.426947 0.675147 0.733398 57.691699
-0.397443 0.695722 0.734627 60.262073
-0.382019 0.700455 0.737577 61.392545
-0.367620 0.718376 0.724040 62.899503
-0.351185 0.721671 0.728571 64.051157
-0.340350 0.736123 0.717746 65.186320
-0.318777 0.747549 0.719493 66.905211
-0.293403 0.757115 0.721006 68.817292
-0.283899 0.766607 0.708178 69.678844
-0.280963 0.768787 0.699594 69.924511
-0.251186 0.783061 0.692311 72.215117
-0.226752 0.794289 0.695214 74.067116
-0.210004 0.797509 0.700641 75.247493
-0.197264 0.801919 0.697388 76.180202
-0.185489 0.813270 0.681094 77.151856
-0.163818 0.817479 0.675296 78.668360
-0.138864 0.826426 0.679851 80.461679
-0.093664 0.841116 0.663280 83.645891
-0.071534 0.849292 0.655689 85.185460
-0.056356 0.850006 0.648476 86.206815
-0.031059 0.854315 0.651570 87.917929
-0.020314 0.854883 0.655510 88.638776
0.003422 0.864597 0.649571 90.226788
0.021254 0.865880 0.638679 91.406082
0.039399 0.867088 0.628684 92.601609
0.052422 0.874548 0.624606 93.430281
0.060895 0.873258 0.632013 93.988979
0.095260 0.872058 0.622186 96.234013
0.112733 0.869352 0.625940 97.388613
0.123176 0.874304 0.603562 98.019340
0.139007 0.871029 0.616654 99.067350
0.150942 0.870354 0.600338 99.838714
0.179192 0.867970 0.617913 101.664821
0.183763 0.865685 0.604544 101.984553
0.197159 0.863944 0.596647 102.855232
0.193288 0.862703 0.585751 102.628544
0.210831 0.860221 0.592476 103.771153
0.209921 0.857320 0.591510 103.758587
0.211343 0.851468 0.594601 103.939706
0.209493 0.850229 0.595025 103.841719
0.206494 0.849980 0.587926 103.654893
0.209032 0.843384 0.588659 103.920228
0.210768 0.836019 0.588567 104.149909
0.218851 0.829546 0.596658 104.779055
0.211325 0.834207 0.583308 104.215367
0.219102 0.832842 0.585951 104.739267
0.214391 0.830363 0.581140 104.477004
0.218161 0.833065 0.583263 104.674949
0.231751 0.823369 0.597464 105.720169
0.225335 0.825130 0.594467 105.274476
0.223422 0.827261 0.583289 105.113541
0.223322 0.830161 0.578595 105.056717
0.229387 0.828005 0.587605 105.484665
0.223950 0.831452 0.584467 105.074764
0.228830 0.829816 0.592863 105.416726
0.230191 0.828773 0.588431 105.522552
0.233853 0.827904 0.586333 105.773068
0.228522 0.832045 0.579256 105.357683
0.234412 0.828971 0.589233 105.789546
0.252450 0.829486 0.583176 106.927380
0.258245 0.830028 0.571670 107.282389
0.264768 0.830399 0.574807 107.684618
0.271154 0.831761 0.576082 108.055958
0.290379 0.833195 0.574718 109.214071
0.295722 0.834802 0.560451 109.506274
0.307544 0.831278 0.560785 110.302711
0.318739 0.827903 0.559326 111.056461
0.350230 0.821153 0.569686 113.098738
0.369214 0.820722 0.545448 114.221310
0.385609 0.819230 0.544650 115.206218
0.394641 0.817568 0.550878 115.766660
0.415148 0.809824 0.538503 117.141474
0.427917 0.808232 0.528814 117.898895
0.443929 0.806590 0.524149 118.827373
0.461157 0.801304 0.521819 119.920761
0.478730 0.795697 0.530266 121.033161
0.493556 0.791699 0.516828 121.939959
0.504543 0.789091 0.510535 122.594756
0.528257 0.782268 0.514172 124.030727
0.531009 0.778497 0.511108 124.297695
0.563584 0.769809 0.505151 126.208160
0.581017 0.760877 0.499496 127.365897
0.597755 0.753309 0.493158 128.432204
0.602532 0.748817 0.480543 128.821736
0.612152 0.742219 0.483235 129.514409
0.643573 0.732367 0.482465 131.307602
0.660028 0.723188 0.481032 132.385581
0.662717 0.721349 0.462286 132.574277
0.675925 0.712943 0.476698 133.473238
0.688761 0.707257 0.457742 134.240906
0.715290 0.694732 0.473998 135.835297
0.721007 0.688578 0.459993 136.317916
0.732093 0.680193 0.450234 137.104646
0.732827 0.680737 0.448088 137.110392
0.770304 0.659379 0.448643 139.436524
0.781108 0.650821 0.447869 140.198857
0.790511 0.635641 0.438040 141.197621
0.806967 0.627901 0.440686 142.113509
0.818052 0.616637 0.422768 142.991468
0.836005 0.603985 0.414686 144.153167
0.855971 0.586302 0.422476 145.590591
0.868371 0.567054 0.407508 146.855102
0.890744 0.547360 0.405535 148.429397
0.904124 0.532675 0.398585 149.495030
0.920288 0.513975 0.398450 150.816934
0.945202 0.490562 0.405369 152.570548
0.948895 0.486569 0.404994 152.852397
0.966172 0.461368 0.386184 154.474526
0.974497 0.447403 0.371804 155.339601
1.000619 0.416751 0.389690 157.388583
0.997717 0.407846 0.370967 157.766272
1.014577 0.387782 0.371517 159.082628
1.021633 0.365487 0.366736 160.315438
1.040343 0.345223 0.362782 161.642310
1.043003 0.324692 0.366324 162.708399
1.047285 0.317202 0.366492 163.149472
1.063677 0.283821 0.361148 165.059852
1.080429 0.261624 0.361557 166.387952
1.079049 0.241089 0.342460 167.405417
1.083306 0.214184 0.344046 168.816110
1.087168 0.207514 0.351335 169.193606
1.110381 0.161486 0.350971 171.725311
1.105644 0.136713 0.339420 172.951143
1.108654 0.115138 0.332869 174.070864
1.118120 0.098027 0.338723 174.989604
1.129138 0.066163 0.345924 176.646551
1.125060 0.039556 0.341967 177.986366
1.124545 0.017858 0.339377 179.090182
1.123166 0.000201 0.328438 179.989727
1.125077 -0.006246 0.327379 180.318097
1.126006 -0.044830 0.325995 182.279944
1.126945 -0.074064 0.332297 183.760146
1.125561 -0.092437 0.338149 184.694899
1.124740 -0.109027 0.330111 185.536704
1.126857 -0.119121 0.325727 186.034379
1.115169 -0.149917 0.318632 187.656618
1.111750 -0.175479 0.330428 188.969592
1.120520 -0.192665 0.331518 189.756179
1.108750 -0.204739 0.326943 190.462245
1.102790 -0.229461 0.321688 191.753998
1.096311 -0.250463 0.318860 192.868902
1.091845 -0.276495 0.331905 194.210654
1.088403 -0.293900 0.337426 195.111128
1.064722 -0.347507 0.325947 198.075812
1.054121 -0.371607 0.327011 199.418962
1.042083 -0.399920 0.334089 200.995292
1.040088 -0.403762 0.341282 201.216184
1.022390 -0.440804 0.341332 203.323292
1.002766 -0.456769 0.335695 204.489693
0.990803 -0.482704 0.333033 205.974612
0.980465 -0.491280 0.339235 206.613989
0.963817 -0.522095 0.354353 208.444179
0.953606 -0.542451 0.350653 209.633030
0.934999 -0.553383 0.346123 210.619328
0.922976 -0.571631 0.344096 211.771334
0.919300 -0.579388 0.359378 212.221142
0.897007 -0.607427 0.362445 214.104709
0.877629 -0.619373 0.366971 215.211943
0.863694 -0.634051 0.357844 216.282985
0.849515 -0.645553 0.358952 217.231483
0.839452 -0.657551 0.364801 218.071965
0.815104 -0.680306 0.379774 219.849196
0.797582 -0.690297 0.367086 220.875766
0.783536 -0.703506 0.386847 221.919409
0.783002 -0.709852 0.398380 222.194726
0.747502 -0.728045 0.391112 224.244530
0.732007 -0.734441 0.381112 225.095089
0.721102 -0.750555 0.384886 226.146557
0.702152 -0.755411 0.385897 227.092623
0.686080 -0.770777 0.407049 228.327225
0.665004 -0.774888 0.404758 229.364012
0.657211 -0.786467 0.403061 230.116185
0.637319 -0.792538 0.397304 231.195500
0.630783 -0.798658 0.415509 231.698155
0.603140 -0.808643 0.421542 233.281976
0.588189 -0.822598 0.427626 234.433778
0.569108 -0.824308 0.414063 235.378516
0.550571 -0.833577 0.416584 236.555526
0.538880 -0.834638 0.426745 237.151867
0.517616 -0.845415 0.446764 238.522428
0.495049 -0.842460 0.442490 239.560500
0.476863 -0.852772 0.434919 240.786471
0.467895 -0.851602 0.448453 241.214331
0.447332 -0.863028 0.452365 242.601011
0.411605 -0.865102 0.454386 244.555456
0.414747 -0.865129 0.446558 244.386724
0.407346 -0.867208 0.456414 244.839571
0.391224 -0.872016 0.448700 245.836925
0.387486 -0.874964 0.456458 246.113414
0.383786 -0.874565 0.465466 246.306657
0.384589 -0.873796 0.466291 246.243984
0.374019 -0.874887 0.457304 246.852988
0.364950 -0.873694 0.457986 247.329240
0.353220 -0.879542 0.462819 248.119837
0.354788 -0.881353 0.463221 248.072801
0.340794 -0.882588 0.471047 248.886870
0.327848 -0.886230 0.469465 249.698792
0.314556 -0.886674 0.465265 250.467346
0.301542 -0.886223 0.472950 251.208832
0.299135 -0.884212 0.482712 251.308953
0.283605 -0.886760 0.491859 252.264591
0.271957 -0.886636 0.478320 252.947714
0.259951 -0.890501 0.479427 253.726673
0.247601 -0.889729 0.481994 254.448727
0.243237 -0.889651 0.496119 254.708624
0.225864 -0.888406 0.501138 255.735614
0.214491 -0.890265 0.491326 256.453918
0.198027 -0.888997 0.489153 257.442205
0.195720 -0.888447 0.507687 257.576471
0.175976 -0.886160 0.511480 258.768152
0.164323 -0.885313 0.518811 259.484958
0.151384 -0.883922 0.512677 260.281591
0.140570 -0.884715 0.505765 260.971895
0.135440 -0.884935 0.512155 261.298381
0.112906 -0.879348 0.525921 262.683374
0.100350 -0.876369 0.527733 263.467675
0.089882 -0.877481 0.531599 264.151476
0.081654 -0.873611 0.530275 264.660231
0.071260 -0.873784 0.520322 265.337635
0.051969 -0.869685 0.535032 266.580268
0.038221 -0.869779 0.544863 267.483820
0.025911 -0.865659 0.548680 268.285549
0.022738 -0.863947 0.550707 268.492422
0.000208 -0.860522 0.539523 269.986142
-0.014825 -0.857195 0.544047 270.990829
-0.031532 -0.851312 0.556187 272.121201
-0.041371 -0.849695 0.570004 272.787500
-0.071570 -0.841333 0.560398 274.862297
-0.090021 -0.837434 0.564945 276.135534
-0.099401 -0.830412 0.581048 276.825896
-0.113731 -0.823415 0.581704 277.864005
-0.126250 -0.819967 0.576607 278.753057
-0.148954 -0.814581 0.574549 280.362574
-0.158088 -0.806417 0.592657 281.091503
-0.183200 -0.799020 0.600361 282.913599
-0.188637 -0.797011 0.593144 283.315792
-0.207844 -0.781184 0.605800 284.899088
-0.222006 -0.779742 0.605962 285.892547
-0.245467 -0.766745 0.599776 287.752021
-0.261822 -0.759027 0.609982 289.031554
-0.267539 -0.752873 0.623987 289.563044
-0.284620 -0.740668 0.631786 291.020541
-0.312127 -0.726950 0.623831 293.236979
-0.327152 -0.718590 0.623802 294.478348
-0.332443 -0.708223 0.626134 295.145558
-0.350295 -0.695593 0.647068 296.729425
-0.367407 -0.681703 0.649067 298.322686
-0.386197 -0.672451 0.638284 299.869271
-0.397168 -0.656900 0.643632 301.157574
-0.402679 -0.652953 0.658392 301.662336
-0.421320 -0.632465 0.665317 303.669780
-0.434289 -0.625073 0.665619 304.790850
-0.442617 -0.618302 0.659603 305.597283
-0.449306 -0.608802 0.669197 306.427934
-0.467220 -0.592802 0.678529 308.243604
-0.483001 -0.573952 0.682531 310.081831
-0.498057 -0.561029 0.684860 311.597277
-0.506935 -0.547414 0.679549 312.801327
-0.516101 -0.537565 0.691855 313.832981
-0.532294 -0.512863 0.698426 316.065123
-0.545293 -0.500907 0.701086 317.429356
-0.553053 -0.485159 0.701576 318.741531
-0.571835 -0.469436 0.690321 320.616411
-0.573332 -0.465963 0.696970 320.898297
-0.590770 -0.430174 0.711721 323.939449
-0.594697 -0.415094 0.725937 325.085262
-0.608486 -0.396720 0.710508 326.896510
-0.612344 -0.382855 0.723616 327.985230
-0.630941 -0.356865 0.719079 330.507193
-0.654799 -0.293897 0.735852 335.827789
-0.658066 -0.285691 0.724554 336.532547
-0.658979 -0.258857 0.740844 338.554314
-0.674157 -0.234877 0.732205 340.791609
-0.674797 -0.214344 0.739983 342.377968
-0.681225 -0.190759 0.750636 344.356533
-0.684046 -0.187212 0.750729 344.693908
-0.693558 -0.150910 0.740485 347.724479
-0.700575 -0.125267 0.746516 349.862295
-0.701382 -0.099179 0.754788 351.951427
-0.694736 -0.085171 0.753041 353.010704
-0.692047 -0.052959 0.763789 355.623982
-0.698853 -0.028807 0.753784 357.639551
-0.701611 -0.001059 0.757787 359.913561
-0.688713 0.022499 0.775848 1.871070
-0.692476 0.024829 0.769173 2.053498
-0.689070 0.070776 0.766948 5.864419
-0.691370 0.099614 0.761000 8.198846
-0.681639 0.128477 0.772457 10.674017
-0.682030 0.147989 0.757290 12.242436
-0.670855 0.159965 0.769953 13.411746
-0.664282 0.200606 0.774333 16.803775
-0.651349 0.220316 0.773247 18.687903
-0.655150 0.248310 0.761709 20.757364
-0.639302 0.257980 0.773855 21.975699
-0.627431 0.294725 0.775430 25.161030
-0.614811 0.315949 0.777528 27.198424
-0.612655 0.336775 0.766700 28.797511
-0.605092 0.357278 0.757288 30.559865
-0.603897 0.364668 0.761508 31.126012
-0.562798 0.397838 0.772358 35.256245
-0.557284 0.425781 0.762143 37.380857
-0.547174 0.446159 0.752991 39.193387
-0.535717 0.458307 0.756670 40.547063
-0.519435 0.478662 0.756669 42.660689
-0.500668 0.505139 0.753484 45.254708
-0.481733 0.524623 0.745726 47.440402
-0.469811 0.544332 0.738980 49.202648
-0.459234 0.550455 0.743415 50.162421
-0.432339 0.574524 0.732780 53.037924
-0.410443 0.593787 0.739030 55.346621
-0.392671 0.605635 0.736933 57.042152
-0.374478 0.618102 0.731793 58.790355
-0.330500 0.660416 0.713825 63.414717
-0.310149 0.671893 0.721868 65.221760
-0.297990 0.684833 0.713520 66.484778
-0.282283 0.691176 0.711565 67.784431
-0.257668 0.704037 0.696711 69.898040
-0.245578 0.718191 0.689471 71.122390
-0.221918 0.724087 0.689192 72.960765
-0.214408 0.731177 0.687636 73.656902
-0.185646 0.744735 0.691483 76.002679
-0.165429 0.756480 0.676794 77.664629
-0.144102 0.763888 0.668378 79.317108
-0.116044 0.770898 0.667934 81.439463
-0.110010 0.771865 0.675222 81.888573
-0.064847 0.786086 0.665560 85.284167
-0.050150 0.790990 0.653866 86.372185
-0.024733 0.804619 0.639837 88.239375
-0.001210 0.811506 0.637695 89.914556
0.024294 0.815048 0.645623 91.707311
0.067490 0.817985 0.632638 94.716683
0.094047 0.822713 0.622526 96.521392
0.118830 0.830019 0.607178 98.147398
0.137137 0.824957 0.613479 99.438289
0.183898 0.832804 0.601862 102.452088
0.214394 0.836119 0.597458 104.381667
0.236752 0.831053 0.588738 105.901282
0.268921 0.831812 0.576718 107.915798
0.274121 0.832256 0.573300 108.230364
0.326868 0.828372 0.560035 111.533701
0.366004 0.823403 0.558464 113.965239
0.397815 0.817295 0.552930 115.954305
0.418284 0.809081 0.547465 117.338372
0.438071 0.809419 0.524052 118.423021
0.476366 0.798894 0.516328 120.806838
0.508727 0.787380 0.514167 122.866516
0.540147 0.777528 0.513398 124.787628
0.544374 0.778442 0.497410 124.965573
0.592041 0.757300 0.482214 128.017547
0.622621 0.744771 0.483449 129.895285
0.644269 0.731004 0.483150 131.391276
0.670458 0.722392 0.479997 132.864661
0.672063 0.719612 0.469410 133.043112
0.702502 0.702319 0.452464 135.007462
0.754024 0.669475 0.449109 138.399104
0.754687 0.666918 0.435833 138.532929
0.794013 0.645359 0.431884 140.896425
0.810459 0.626831 0.422765 142.280685
0.829177 0.613038 0.418338 143.523259
0.855558 0.590715 0.420966 145.377072
0.856850 0.590888 0.417641 145.409654
0.881553 0.562487 0.403408 147.459522
0.898627 0.543810 0.396082 148.819482
0.917651 0.524911 0.397103 150.229770
0.927574 0.507450 0.388926 151.318169
0.953045 0.483665 0.394666 153.092474
0.973734 0.454299 0.384466 154.988451
0.988260 0.432868 0.368720 156.346091
1.005815 0.410001 0.365875 157.822704
1.019435 0.395742 0.377719 158.783929
1.035718 0.357350 0.364076 160.964215
1.049328 0.332302 0.364154 162.427993
1.055824 0.307502 0.352393 163.762155
1.067238 0.282974 0.346198 165.149960
1.072874 0.272287 0.354644 165.759455
1.090757 0.231839 0.351284 168.000445
1.096451 0.209148 0.346856 169.200590
1.100020 0.187200 0.339126 170.341989
1.106273 0.167015 0.341678 171.414857
1.114293 0.134901 0.341781 173.097107
1.120469 0.108020 0.341834 174.493341
1.122493 0.079727 0.339977 175.937310
1.121174 0.054382 0.328403 177.223051
1.125066 0.041711 0.329256 177.876790
1.127425 0.002308 0.326411 179.882723
1.126681 -0.033720 0.332643 181.714281
1.128391 -0.061940 0.329890 183.141931
1.126271 -0.085175 0.325649 184.324775
1.122475 -0.108731 0.320866 185.532826
1.117808 -0.157975 0.328138 188.044077
1.118295 -0.186143 0.331681 189.450374
1.108351 -0.216393 0.328100 191.047381
1.105444 -0.226014 0.326168 191.555167
1.092026 -0.273423 0.318227 194.056814
1.081968 -0.309400 0.323137 195.958413
1.071322 -0.340441 0.331584 197.629014
1.052203 -0.370192 0.332623 199.383176
1.029043 -0.423202 0.330954 202.355278
1.014284 -0.450869 0.342818 203.966068
1.002284 -0.477273 0.347066 205.463118
0.997764 -0.492025 0.352114 206.249179
0.966614 -0.520363 0.339827 208.295158
0.949033 -0.544483 0.351784 209.843922
0.936170 -0.563969 0.355841 211.065681
0.918879 -0.581446 0.358341 212.324719
0.913264 -0.581794 0.348011 212.499127
0.883676 -0.612658 0.352916 214.733783
0.865507 -0.633282 0.364330 216.192510
0.846779 -0.654973 0.372843 217.721485
0.837870 -0.664367 0.377583 218.411744
0.818528 -0.678722 0.367041 219.665460
0.792305 -0.697437 0.368006 221.356268
0.771453 -0.714067 0.385455 222.787748
0.752633 -0.726386 0.388802 223.983304
0.751025 -0.730801 0.378993 224.218057
0.710319 -0.753033 0.383776 226.671921
0.693801 -0.765178 0.389458 227.800799
0.669744 -0.779850 0.399053 229.343626
0.651072 -0.783810 0.411950 230.285291
0.647018 -0.789562 0.410653 230.666600
0.610685 -0.803961 0.404918 232.779874
0.596163 -0.810826 0.407486 233.674656
0.572244 -0.825050 0.423025 235.255312
0.564435 -0.823439 0.410501 235.570896
0.536021 -0.833000 0.429669 237.239430
0.516305 -0.838154 0.422945 238.366810
0.497731 -0.847893 0.432375 239.586147
0.475916 -0.853265 0.449021 240.849006
0.477202 -0.855247 0.458407 240.839789
0.441053 -0.862258 0.451232 242.909803
0.417400 -0.864560 0.442879 244.229269
0.392870 -0.865692 0.455679 245.590413
0.378103 -0.873698 0.456244 246.598882
0.356319 -0.882194 0.474611 248.006189
0.326488 -0.883748 0.477977 249.723981
0.303844 -0.886049 0.475285 251.072106
0.274923 -0.886142 0.475538 252.763606
0.262530 -0.889433 0.493647 253.555206
0.226177 -0.888480 0.502034 255.717761
0.149182 -0.885557 0.519114 260.437644
0.139837 -0.883820 0.511990 261.009272
0.093230 -0.879715 0.524525 263.950495
0.070031 -0.877327 0.535250 265.436142
0.039621 -0.867474 0.541679 267.384916
0.013875 -0.864961 0.552144 269.080997
0.011328 -0.864837 0.551884 269.249536
-0.025122 -0.856667 0.567816 271.679745
-0.062188 -0.844039 0.556533 274.213878
-0.087680 -0.833913 0.568529 276.002220
-0.111607 -0.828476 0.572768 277.672327
-0.134659 -0.817730 0.593041 279.351205
-0.169948 -0.804802 0.595153 281.923870
-0.196307 -0.793514 0.590641 283.895423
-0.219215 -0.780165 0.604146 285.694587
-0.223641 -0.775278 0.610747 286.091051
-0.262760 -0.753048 0.623611 289.235323
-0.285386 -0.740966 0.624052 291.064388
-0.308081 -0.727670 0.625600 292.946854
-0.324780 -0.715315 0.637268 294.419826
-0.334925 -0.707152 0.649715 295.343410
-0.369464 -0.680735 0.648736 298.490591
-0.392542 -0.667588 0.646417 300.455565
-0.405019 -0.655035 0.658887 301.729201
-0.422621 -0.641988 0.660956 303.356971
-0.439129 -0.617211 0.666631 305.430809
-0.462969 -0.597167 0.676974 307.785523
-0.469092 -0.583006 0.680838 308.820488
-0.499979 -0.566809 0.670075 311.415340
-0.501369 -0.561203 0.676865 311.777057
-0.528121 -0.523924 0.694373 315.228557
-0.535290 -0.505916 0.711724 316.615931
-0.557521 -0.489376 0.690611 318.724276
-0.572988 -0.469161 0.699588 320.689470
-0.587408 -0.449915 0.703236 322.550336
-0.589612 -0.420376 0.731010 324.512241
-0.609051 -0.399941 0.720319 326.708563
-0.624199 -0.379085 0.713402 328.729073
-0.625933 -0.370281 0.717574 329.392872
-0.633812 -0.333403 0.735652 332.254357
-0.648537 -0.307610 0.737932 334.624353
-0.652628 -0.287699 0.731772 336.210589
-0.664326 -0.269099 0.730634 337.948575
-0.680891 -0.204746 0.741489 343.263815
-0.685292 -0.179004 0.750751 345.360947
-0.687233 -0.167993 0.754167 346.263503
-0.690450 -0.145650 0.755884 348.088111
-0.700451 -0.110191 0.745711 351.059832
-0.706743 -0.091914 0.745989 352.590082
-0.694334 -0.067761 0.768201 354.426091
-0.700148 -0.060869 0.752564 355.031335
-0.708915 -0.011794 0.756019 359.046873
-0.704249 0.008438 0.752360 0.686472
-0.694142 0.032418 0.772237 2.673898
-0.694922 0.049626 0.765914 4.084668
-0.696680 0.066587 0.763811 5.459575
-0.695660 0.100631 0.761305 8.231090
-0.684615 0.118632 0.767553 9.830781
-0.688874 0.144098 0.761887 11.814755
-0.679267 0.155007 0.765991 12.854666
-0.666608 0.181017 0.773416 15.192313
-0.663479 0.201375 0.775158 16.883771
-0.665338 0.218358 0.760203 18.169383
-0.662140 0.237500 0.760837 19.732216
-0.651179 0.245212 0.773218 20.634676
-0.630735 0.276329 0.782814 23.658521
-0.638980 0.290510 0.762506 24.448773
-0.633060 0.309006 0.758353 26.017694
-0.622117 0.327029 0.751749 27.729638
-0.605290 0.341263 0.771912 29.414330
-0.599920 0.365164 0.764386 31.328329
-0.587417 0.376344 0.762736 32.646692
-0.587363 0.389757 0.754880 33.567075
-0.577550 0.399898 0.763818 34.698890
-0.576732 0.412171 0.759618 35.552169
-0.575653 0.410957 0.764170 35.522948
-0.573282 0.409915 0.765397 35.565999
-0.572411 0.408030 0.761035 35.482262
-0.570178 0.409418 0.764478 35.680399
-0.574813 0.410756 0.754006 35.549271
-0.572442 0.411154 0.759313 35.687627
-0.569344 0.407063 0.767025 35.563577
-0.570002 0.410336 0.763511 35.749543
-0.583745 0.409518 0.752472 35.051054
-0.578895 0.412446 0.763226 35.468737
-0.578721 0.410485 0.754100 35.347941
-0.580779 0.408574 0.745610 35.126123
-0.578759 0.408576 0.756930 35.220262
-0.569863 0.412222 0.773533 35.880906
-0.570002 0.410336 0.763511 35.749543
-0.572617 0.411676 0.764359 35.713758
-0.580847 0.411228 0.750798 35.297744
-0.567700 0.409070 0.761766 35.775540
-0.572648 0.414800 0.762637 35.917844
-0.575408 0.410659 0.762095 35.514796
-0.578271 0.406541 0.748700 35.108310
-0.574400 0.407782 0.759596 35.371983
-0.577987 0.411030 0.751954 35.418153
-0.570698 0.410261 0.758747 35.711393
-0.573282 0.409915 0.765397 35.565999
-0.575654 0.409518 0.760090 35.427919
-0.575058 0.409615 0.752002 35.462372
-0.582101 0.412965 0.751292 35.353341
-0.573597 0.407112 0.756342 35.365294
-0.576067 0.412493 0.754501 35.604545
-0.574361 0.411130 0.760845 35.595228
-0.569795 0.408129 0.764266 35.612994
-0.578721 0.409046 0.750020 35.253024
-0.578859 0.410037 0.748157 35.311985
-0.574186 0.410608 0.755799 35.569063
-0.564106 0.410855 0.764856 36.066982
-0.580640 0.410461 0.755632 35.256906
-0.575548 0.408772 0.752073 35.383592
-0.576351 0.408004 0.751247 35.295020
-0.570109 0.408203 0.763370 35.603004
-0.570736 0.408352 0.761577 35.583051
-0.575341 0.408005 0.756907 35.342497
-0.579210 0.409642 0.754171 35.269552
-0.573146 0.406046 0.759101 35.315714
-0.570209 0.411104 0.758676 35.790476
-0.570836 0.411252 0.756884 35.770413
-0.577604 0.411179 0.755821 35.445930
-0.578231 0.411328 0.754029 35.426329
-0.571747 0.408351 0.755917 35.535054
-0.563372 0.411400 0.762710 36.138652
-0.563441 0.411177 0.759739 36.120451
-0.563371 0.412839 0.766790 36.234019
-0.561910 0.410335 0.771129 36.138811
-0.565849 0.411748 0.765421 36.042061
-0.570592 0.410954 0.754809 35.762349
-0.566370 0.412591 0.759691 36.072687
-0.562254 0.413534 0.768511 36.334185
-0.557406 0.413583 0.771106 36.574581
-0.557827 0.411524 0.770069 36.417234
-0.566859 0.411748 0.759762 35.993392
-0.559495 0.414796 0.760894 36.552347
-0.560931 0.413460 0.775067 36.393820
-0.562009 0.414675 0.770515 36.421500
-0.566193 0.414947 0.762803 36.236618
-0.566056 0.412516 0.760587 36.082883
-0.558661 0.413880 0.767521 36.532639
-0.556740 0.416782 0.774148 36.818951
-0.559916 0.412738 0.759857 36.395513
-0.558906 0.412739 0.765517 36.445006
-0.561346 0.413557 0.761319 36.379969
-0.559035 0.420202 0.763181 36.930565
-0.552098 0.417599 0.771908 37.103289
-0.553980 0.419483 0.770610 37.133656
-0.555166 0.418565 0.765918 37.014336
-0.559449 0.423177 0.757591 37.104490
-0.553934 0.426425 0.763228 37.589482
-0.555189 0.426722 0.759643 37.546127
-0.540703 0.435995 0.772143 38.880919
-0.524864 0.437753 0.780682 39.829166
-0.524101 0.433735 0.776179 39.610471
-0.521646 0.442983 0.771273 40.337982
-0.516307 0.446753 0.781956 40.869169
-0.520451 0.451812 0.779572 40.961759
-0.504430 0.459520 0.782593 42.332585
-0.508293 0.463312 0.767145 42.349329
-0.505288 0.467154 0.765612 42.754344
-0.502879 0.469460 0.768088 43.031582
-0.503887 0.472338 0.770587 43.148953
-0.495108 0.464501 0.779363 43.173186
-0.495276 0.470056 0.779857 43.503464
-0.491826 0.469239 0.789715 43.653700
-0.500056 0.467353 0.772075 43.063833
-0.504240 0.467625 0.764362 42.842380
-0.489419 0.465789 0.775874 43.582898
-0.486972 0.468565 0.771440 43.896372
-0.469587 0.480986 0.786345 45.687038
-0.465144 0.490482 0.782878 46.518788
-0.453215 0.489090 0.783352 47.180315
-0.451272 0.482397 0.792174 46.909307
-0.447057 0.479000 0.801608 46.975558
-0.449686 0.471714 0.815640 46.369470
-0.449741 0.456861 0.819416 45.450009
-0.440303 0.445753 0.831706 45.352384
-0.420459 0.417311 0.852539 44.784708
-0.416000 0.413616 0.859898 44.835407
-0.375529 0.368535 0.904273 44.461507
-0.350031 0.343789 0.936685 44.484556
-0.310715 0.320799 0.966317 45.914829
-0.283812 0.300512 0.982834 46.637099
-0.283010 0.299842 0.979580 46.654198
-0.215407 0.247366 1.027570 48.950519
-0.167277 0.187999 1.062681 48.338063
-0.181687 0.131716 1.072146 35.940615
-0.193350 0.095641 1.079484 26.319389
-0.182669 0.073446 1.083594 21.903819
-0.178586 0.047063 1.090227 14.763598
-0.190785 0.027898 1.089167 8.319297
-0.203120 0.012603 1.094403 3.550398
-0.217873 -0.012910 1.093555 356.609036
-0.221806 -0.034036 1.090988 351.276086
-0.231297 -0.037780 1.082474 350.723354
-0.238885 -0.053004 1.077453 347.489864
-0.247190 -0.054390 1.077710 347.590670
-0.254570 -0.068943 1.081603 344.846482
-0.278004 -0.090959 1.072594 341.882608
-0.293207 -0.087833 1.061294 343.323869
-0.294056 -0.096983 1.063772 341.746963
-0.309572 -0.089466 1.063815 343.880828
-0.302552 -0.084658 1.058250 344.367741
-0.306452 -0.079897 1.053791 345.387416
-0.310459 -0.075829 1.053271 346.274315
-0.308617 -0.081062 1.053319 345.283033
-0.306842 -0.083640 1.058555 344.752572
-0.312563 -0.084681 1.052163 344.841009
-0.310545 -0.088997 1.051245 344.008631
-0.307080 -0.081187 1.047919 345.190748
-0.316249 -0.075655 1.047987 346.546128
-0.311723 -0.083443 1.046079 345.014212
-0.317688 -0.084186 1.041763 345.157952
-0.318391 -0.086416 1.049710 344.814843
-0.323094 -0.082424 1.044426 345.688626
-0.335841 -0.065734 1.040458 348.925590
-0.340300 -0.062039 1.033099 349.668002
-0.337769 -0.073668 1.038384 347.696296
-0.329816 -0.074116 1.040060 347.334863
-0.327207 -0.079050 1.047844 346.418175
-0.328707 -0.079894 1.042255 346.338891
-0.344438 -0.079520 1.033856 347.000012
-0.349631 -0.076370 1.028643 347.678333
-0.353363 -0.077164 1.023690 347.681687
-0.345777 -0.089512 1.036405 345.486335
-0.340920 -0.082991 1.038527 346.318438
-0.333319 -0.086713 1.038057 345.417812
-0.330099 -0.078605 1.036807 346.605859
-0.331835 -0.071240 1.036899 347.883353
-0.337562 -0.075875 1.039139 347.331941
-0.334840 -0.075082 1.038432 347.361405
-0.333296 -0.068736 1.032559 348.347156
-0.326718 -0.079646 1.043694 346.299906
-0.326053 -0.077886 1.042656 346.565264
-0.327927 -0.070968 1.036806 347.788655
-0.334627 -0.073696 1.030556 347.579898
-0.334122 -0.087481 1.037232 345.327943
-0.341860 -0.081329 1.039918 346.617975
-0.337509 -0.088595 1.043056 345.291870
-0.337532 -0.080438 1.036782 346.595721
-0.336966 -0.074339 1.035130 347.559150
-0.337104 -0.073347 1.033267 347.724885
-0.339574 -0.067966 1.031426 348.681733
-0.336201 -0.075479 1.038786 347.346612
-0.333204 -0.078108 1.037726 346.807174
-0.334596 -0.075380 1.036357 347.303895
-0.331659 -0.071762 1.031853 347.791004
-0.335490 -0.065338 1.034445 348.979347
-0.329433 -0.073967 1.043928 347.345361
-0.335137 -0.062065 1.036590 349.508167
-0.323269 -0.055769 1.037700 350.211923
-0.323054 -0.051504 1.037982 350.941681
-0.317762 -0.058992 1.043809 349.482786
-0.318427 -0.060753 1.044847 349.198358
-0.318014 -0.063727 1.050437 348.668506
-0.328139 -0.070916 1.048762 347.805015
-0.338809 -0.069106 1.035082 348.471611
-0.345569 -0.064146 1.029467 349.484136
-0.351572 -0.066799 1.027980 349.242074
-0.349309 -0.069973 1.029066 348.672562
-0.351503 -0.065136 1.035031 349.501791
-0.351181 -0.058738 1.035454 350.504641
-0.355738 -0.049266 1.031560 352.115344
-0.355188 -0.054671 1.034934 351.249666
-0.350110 -0.041730 1.024627 353.202887
-0.345437 -0.041159 1.032268 353.205134
-0.350919 -0.043215 1.040592 352.979551
-0.344396 -0.044283 1.039650 352.673078
-0.345957 -0.038878 1.030617 353.588031
-0.348396 -0.036621 1.030498 353.999436
-0.345674 -0.035829 1.029791 354.082497
-0.344243 -0.035209 1.032409 354.160197
-0.342469 -0.037787 1.037645 353.703660
-0.340030 -0.040044 1.037764 353.283453
-0.337513 -0.035605 1.040381 353.977958
-0.348349 -0.025363 1.035354 355.835729
-0.347362 -0.018644 1.030660 356.927693
-0.353542 -0.023652 1.026061 356.172541
-0.349611 -0.031537 1.032242 354.845463
-0.345337 -0.044060 1.036962 352.729205
-0.347532 -0.042101 1.034768 353.092728
-0.353764 -0.032950 1.030331 354.678728
-0.351608 -0.038257 1.031276 353.790316
-0.358047 -0.026900 1.026085 355.703491
-0.356900 -0.030768 1.025449 355.072706
-0.357426 -0.030642 1.036509 355.100041
-0.362442 -0.025136 1.034408 356.032727
-0.368186 -0.016582 1.025821 357.421318
-0.374320 -0.013210 1.017919 357.978871
-0.377914 -0.014995 1.014829 357.727818
-0.385530 -0.022778 1.020324 356.618768
-0.388175 -0.016875 1.023529 357.510751
-0.392129 -0.000833 1.011074 359.878230
-0.389475 0.002614 1.015555 0.384475
-0.385223 -0.000313 1.018079 359.953467
-0.384703 -0.002594 1.019730 359.613673
-0.380696 -0.005222 1.024330 359.214063
-0.384626 0.004102 1.022229 0.610973
-0.378715 0.014687 1.014470 2.220844
-0.380244 0.019845 1.015317 2.987570
-0.374034 0.020290 1.017559 3.105088
-0.372641 0.019002 1.023007 2.919083
-0.367746 0.028870 1.026378 4.488840
-0.363409 0.037672 1.026849 5.918291
-0.360121 0.044564 1.024490 7.054365
-0.359325 0.040300 1.029868 6.399260
-0.359731 0.048307 1.019726 7.648348
-0.356663 0.048780 1.029796 7.787864
-0.356908 0.049078 1.031871 7.829562
-0.350286 0.043671 1.031543 7.106464
-0.354247 0.054680 1.023640 8.774608
-0.354790 0.066556 1.019794 10.624858
-0.349353 0.063109 1.022932 10.239814
-0.353926 0.061077 1.024064 9.791124
-0.350554 0.052125 1.027344 8.457607
-0.348702 0.054804 1.030999 8.931816
-0.358705 0.061252 1.024440 9.690281
-0.354508 0.068167 1.014889 10.884382
-0.363470 0.071492 1.015711 11.127686
-0.358141 0.063034 1.010550 9.982059
-0.358294 0.053960 1.017791 8.564588
-0.358850 0.057211 1.027129 9.058312
-0.362300 0.059467 1.021350 9.321247
-0.360969 0.062987 1.019275 9.898157
-0.361435 0.053987 1.025620 8.495426
-0.362813 0.065342 1.011067 10.209365
-0.361428 0.059020 1.021067 9.274386
-0.353307 0.053018 1.022249 8.534199
-0.357069 0.058226 1.023733 9.261539
-0.358905 0.067052 1.015053 10.582309
-0.356144 0.069754 1.011516 11.081591
-0.357336 0.066681 1.019534 10.570158
-0.356159 0.059688 1.020620 9.513733
-0.353306 0.054457 1.026329 8.762315
-0.351142 0.055622 1.026801 9.001000
-0.346493 0.061471 1.020009 10.060157
-0.345942 0.057505 1.027462 9.437856
-0.348993 0.071415 1.020525 11.564935
-0.343985 0.059438 1.023099 9.803480
-0.336368 0.068660 1.021684 11.536864
-0.341208 0.075083 1.018616 12.410174
-0.339328 0.071759 1.015834 11.940683
-0.338349 0.073445 1.015693 12.247162
-0.344910 0.072604 1.019465 11.887372
-0.334403 0.075626 1.012769 12.743156
-0.331841 0.062312 1.023856 10.634900
-0.335473 0.060057 1.027676 10.149638
-0.334992 0.054428 1.028078 9.228517
-0.336636 0.049543 1.025178 8.372123
-0.337708 0.031096 1.031926 5.260893
-0.331737 0.032555 1.019452 5.604740
-0.335991 0.006470 1.020541 1.103181
-0.345428 -0.008555 1.020023 358.581365
-0.353514 -0.032533 1.011466 354.742092
-0.361362 -0.032830 1.001772 354.808845
-0.388216 -0.060031 0.976468 351.209844
-0.406403 -0.070343 0.968897 350.180100
-0.422884 -0.083458 0.963590 348.835914
-0.441299 -0.081968 0.953068 349.477697
-0.441820 -0.079687 0.951417 349.776040
-0.470016 -0.062451 0.930066 352.431487
-0.488217 -0.058135 0.915747 353.209474
-0.508239 -0.058182 0.903575 353.469373
-0.526647 -0.051659 0.888501 354.397765
-0.533736 -0.056690 0.891094 353.937094
-0.572609 -0.042677 0.860615 355.737561
-0.592140 -0.040443 0.852452 356.092832
-0.593509 -0.021178 0.841505 357.956451
-0.594015 -0.008831 0.830750 359.148285
-0.611130 -0.000696 0.816430 359.934717
-0.625124 -0.004809 0.816098 359.559214
-0.628160 -0.005528 0.815909 359.495821
-0.621446 0.005826 0.808975 0.537132
-0.628596 0.007043 0.808124 0.641908
-0.627725 0.006596 0.807841 0.602039
-0.630233 0.008629 0.804751 0.784466
-0.632848 0.009969 0.805599 0.902498
-0.631388 0.006026 0.805860 0.546834
-0.630776 0.020506 0.800905 1.862006
-0.636687 0.009921 0.808664 0.892738
-0.630928 0.012871 0.812226 1.168702
-0.631311 0.012722 0.808358 1.154432
-0.626133 0.024201 0.806824 2.213475
-0.625941 0.038062 0.804911 3.479727
-0.628456 0.036501 0.810453 3.324072
-0.624518 0.033649 0.812082 3.084132
-0.625627 0.039427 0.809887 3.605983
-0.629389 0.043196 0.807291 3.926151
-0.634573 0.054256 0.805685 4.886930
-0.631727 0.070125 0.804173 6.334203
-0.637171 0.069979 0.809666 6.267520
-0.637477 0.076525 0.808297 6.845219
-0.622808 0.090309 0.811198 8.250536
-0.618846 0.106872 0.811408 9.798097
-0.625965 0.104964 0.812279 9.519043
-0.623779 0.095095 0.810867 8.667965
-0.622494 0.091674 0.816174 8.377630
-0.623503 0.093112 0.814593 8.493568
-0.621706 0.105632 0.806172 9.642819
-0.626355 0.099782 0.812964 9.051508
-0.619258 0.111286 0.809898 10.187758
-0.628572 0.112776 0.812655 10.171580
-0.627707 0.108736 0.821004 9.827650
-0.620902 0.109278 0.815157 9.981806
-0.616077 0.117484 0.811477 10.796531
-0.617888 0.119593 0.813151 10.954190
-0.613277 0.124972 0.813268 11.517936
-0.616848 0.115031 0.816453 10.563256
-0.626973 0.109281 0.818858 9.887263
-0.629802 0.107795 0.823503 9.712421
-0.614195 0.117039 0.816854 10.788716
-0.621191 0.128768 0.812842 11.711118
-0.613766 0.124130 0.813339 11.433414
-0.613513 0.131742 0.814871 12.119337
-0.613979 0.122743 0.821216 11.305159
-0.606714 0.130130 0.821735 12.105610
-0.608318 0.132910 0.832322 12.324745
-0.604580 0.135858 0.824564 12.664867
-0.603332 0.130528 0.832701 12.207562
-0.599853 0.149843 0.824350 14.025399
-0.598705 0.147413 0.827794 13.832194
-0.598513 0.136580 0.841733 12.854675
-0.590400 0.150238 0.831615 14.276983
-0.590851 0.151304 0.828856 14.363552
-0.595287 0.146842 0.827771 13.856733
-0.589788 0.138585 0.838433 13.223184
-0.592157 0.142505 0.845364 13.531175
-0.592157 0.142505 0.845364 13.531175
-0.588067 0.147288 0.835672 14.061099
-0.583663 0.153435 0.830956 14.728875
-0.588196 0.156190 0.837416 14.871193
-0.579304 0.152642 0.833621 14.761434
-0.588074 0.143694 0.844304 13.731012
-0.589289 0.148778 0.846048 14.169387
-0.590857 0.149149 0.841567 14.167151
-0.584151 0.155471 0.839185 14.903674
-0.582269 0.155025 0.844562 14.908743
-0.590245 0.163630 0.836612 15.494606
-0.583700 0.152966 0.837865 14.684840
-0.589489 0.154579 0.836661 14.693557
-0.590215 0.160505 0.838334 15.213357
-0.590062 0.169580 0.831093 16.034269
-0.590552 0.167298 0.827084 15.816906
-0.588290 0.162684 0.824090 15.458134
-0.598099 0.159738 0.835550 14.953337
-0.593779 0.154157 0.832887 14.553861
-0.592349 0.154777 0.835505 14.643663
-0.587484 0.167770 0.837154 15.937953
-0.574828 0.188024 0.828262 18.112722
-0.577619 0.188447 0.830077 18.068775
-0.578108 0.189043 0.834228 18.107874
-0.583843 0.179375 0.841020 17.078598
-0.578467 0.182175 0.840714 17.480680
-0.580723 0.190382 0.835076 18.151066
-0.580723 0.190382 0.835076 18.151066
-0.584607 0.181954 0.841444 17.288301
-0.583897 0.190656 0.833023 18.083049
-0.578773 0.187282 0.835265 17.930831
-0.585158 0.187359 0.838070 17.754307
-0.582359 0.193408 0.835782 18.371934
-0.579521 0.202805 0.834743 19.287649
-0.579200 0.207764 0.831087 19.733317
-0.584500 0.210220 0.829812 19.781500
-0.588277 0.202484 0.832242 18.993412
-0.587023 0.202187 0.835827 19.005167
-0.579644 0.213862 0.823776 20.251765
-0.579713 0.215078 0.824884 20.355213
-0.584049 0.207715 0.828492 19.577734
-0.583972 0.212971 0.826911 20.036623
-0.584928 0.203129 0.833327 19.150642
-0.587223 0.207988 0.826440 19.503591
-0.582504 0.215500 0.826699 20.302210
-0.581907 0.218476 0.826769 20.578528
-0.583344 0.214262 0.832783 20.168234
-0.582930 0.211287 0.838373 19.923397
-0.586456 0.209726 0.838254 19.677840
-0.590258 0.208709 0.830330 19.473026
-0.571721 0.217977 0.827809 20.870112
-0.579161 0.211111 0.832337 20.027419
-0.577784 0.224451 0.831037 21.229625
-0.575941 0.220658 0.835165 20.963134
-0.576607 0.217459 0.832124 20.663224
-0.568760 0.216317 0.837738 20.823385
-0.564286 0.222689 0.835993 21.536059
-0.555622 0.232382 0.833328 22.696476
-0.552135 0.232034 0.836276 22.794536
-0.555706 0.222092 0.839461 21.784497
-0.557067 0.223135 0.843894 21.828736
-0.555781 0.219714 0.849201 21.570082
-0.558811 0.222589 0.840380 21.718702
-0.552280 0.227993 0.838965 22.431876
-0.547676 0.226901 0.839556 22.504093
-0.551759 0.227151 0.844696 22.376211
-0.551981 0.217853 0.848966 21.537908
-0.552432 0.220358 0.850286 21.746415
-0.542169 0.225116 0.849745 22.548908
-0.554314 0.219365 0.840830 21.590703
-0.552265 0.213364 0.845713 21.123746
-0.545755 0.231242 0.850262 22.962858
