-39.533 36.433 6.833
-39.467 36.467 7.000
-39.433 36.500 7.067
-39.400 36.467 7.100
-39.400 36.400 7.233
-39.433 36.467 7.233
-39.533 36.300 7.067
-39.767 36.333 6.600
-39.767 36.367 6.500
-39.633 36.333 6.667
-39.533 36.200 6.667
-39.533 36.000 7.000
-39.500 36.000 6.800
-39.567 35.967 6.800
-39.467 36.033 7.200
-39.600 36.333 7.300
-39.667 37.167 7.567
-39.800 38.133 7.633
-39.767 38.433 7.633
-40.067 41.167 8.733
-39.833 43.200 9.433
-40.067 45.767 9.500
-39.833 48.733 10.033
-39.767 49.300 10.133
-38.100 54.400 14.867
-37.200 55.067 18.567
-36.867 54.633 21.167
-36.933 54.400 21.333
-37.100 54.433 20.867
-38.533 54.300 13.800
-38.400 54.300 7.667
-37.167 54.500 0.967
-35.067 54.333 -4.067
-33.200 53.767 -6.533
-25.067 49.767 -17.567
-18.600 43.633 -21.633
-11.633 36.333 -23.200
-7.033 30.333 -22.100
-4.967 26.900 -20.767
1.067 17.500 -13.900
3.267 16.567 -12.300
4.700 15.367 -11.067
4.633 14.067 -9.467
3.867 13.800 -9.533
0.133 13.333 -10.367
-4.000 13.600 -11.133
-8.800 15.033 -11.933
-13.500 17.467 -13.500
-33.400 42.233 -11.767
-33.867 43.100 -11.300
-37.333 51.200 -3.133
-38.400 54.267 3.767
-38.467 55.933 9.600
-37.500 56.867 16.833
-37.100 57.000 17.833
-32.267 57.767 28.033
-29.467 57.933 31.833
-27.133 57.867 34.667
-25.333 57.500 36.900
-25.133 57.233 37.200
-23.100 52.567 41.933
-22.700 49.967 43.333
-22.367 48.100 44.267
-22.833 46.167 44.500
-23.067 45.867 44.433
-27.100 44.467 42.133
-29.933 45.000 39.800
-33.333 47.267 36.167
-35.967 50.900 31.300
-36.400 51.567 30.533
-38.433 58.233 19.033
-37.133 62.100 13.233
-34.267 65.300 5.367
-29.900 66.233 -3.033
-28.067 65.833 -5.400
-17.967 61.533 -17.667
-12.233 55.767 -22.167
-5.733 48.600 -24.267
-0.700 43.167 -24.533
1.033 41.800 -24.200
9.333 34.367 -20.633
12.867 30.367 -17.600
15.300 27.633 -14.733
16.333 25.433 -12.433
16.167 24.500 -12.133
12.167 20.100 -11.800
8.500 18.933 -13.133
3.767 18.800 -15.000
0.567 19.067 -16.267
-6.533 21.800 -18.500
-12.700 25.033 -19.667
-18.533 28.900 -20.233
-25.500 35.700 -19.000
-31.533 43.167 -14.400
-34.800 47.433 -10.233
-38.000 50.867 -3.067
-39.567 52.800 4.767
-39.567 53.167 6.500
-36.433 55.700 22.500
-33.333 56.133 27.800
-30.333 56.800 31.300
-27.367 57.133 34.300
-26.533 56.900 35.167
-22.367 55.500 39.800
-20.467 53.933 42.133
-18.700 51.433 44.400
-18.133 48.667 46.000
-18.400 45.633 46.433
-19.367 41.067 46.900
-21.467 38.767 46.100
-24.400 37.500 44.567
-26.300 37.233 43.233
-31.833 37.767 39.133
-36.433 40.233 33.667
-39.267 44.233 28.833
-41.300 48.167 22.533
-41.533 49.567 20.167
-40.167 57.433 11.733
-36.667 62.400 7.167
-32.067 66.333 0.967
-25.600 68.267 -5.967
-24.433 68.367 -7.300
-10.867 63.567 -17.900
-3.500 54.833 -22.533
3.300 45.133 -23.367
7.933 37.667 -21.467
9.067 35.967 -20.767
15.433 28.033 -14.133
17.333 25.067 -10.667
17.067 22.400 -9.067
15.467 20.533 -8.967
12.633 18.833 -9.467
5.667 16.733 -11.900
-0.367 16.833 -13.900
-6.700 18.400 -16.200
-10.167 19.867 -17.000
-28.100 34.667 -17.000
-31.867 40.867 -14.767
-33.833 44.867 -12.600
-36.533 50.867 -7.633
-38.600 56.000 1.567
-38.567 58.033 9.800
-37.067 59.033 17.700
-36.200 59.133 20.067
-31.333 59.000 29.200
-28.233 58.233 33.467
-25.900 58.200 36.100
-24.067 58.100 38.000
-23.933 57.967 38.233
-20.933 54.167 42.733
-19.433 50.733 45.433
-19.133 46.067 46.567
-19.267 42.567 47.133
-19.500 41.833 47.133
-22.733 38.867 46.033
-26.433 38.900 43.633
-29.833 39.433 41.033
-32.767 40.767 38.400
-35.533 43.367 35.533
-39.433 48.767 27.567
-40.333 53.267 22.267
-39.300 58.467 16.567
-38.133 61.467 13.100
-32.000 67.900 4.433
-25.800 69.800 -3.800
-19.200 68.533 -11.133
-12.700 64.533 -17.233
-10.267 62.333 -18.833
-0.433 52.667 -22.967
5.033 46.533 -22.733
9.633 40.500 -21.100
13.133 34.967 -18.067
13.333 34.367 -17.933
14.900 26.533 -13.933
13.800 23.367 -12.633
11.367 20.533 -12.033
7.167 18.433 -12.767
5.567 17.933 -12.933
-3.200 17.267 -15.033
-8.600 19.033 -16.367
-18.433 24.700 -18.067
-27.900 34.400 -17.033
-31.400 40.433 -14.867
-34.333 46.733 -11.600
-36.567 52.833 -6.233
-36.867 54.433 -4.633
-36.833 60.633 8.033
-35.733 61.900 15.133
-32.600 62.333 23.000
-30.000 62.533 27.200
-25.867 61.300 32.000
-20.767 58.900 38.400
-16.900 57.133 41.600
-14.400 54.900 43.733
-13.967 53.133 44.833
-13.633 47.700 46.967
-14.667 43.033 47.867
-16.467 38.733 47.800
-18.867 34.800 46.600
-19.600 33.800 46.300
-25.067 31.600 43.000
-28.700 32.467 40.567
-32.467 34.667 37.733
-35.833 37.700 34.200
-36.667 38.333 33.133
-41.167 44.367 24.733
-41.800 48.633 20.567
-41.133 53.500 16.433
-39.600 58.033 10.267
-37.967 60.200 7.867
-30.333 65.933 -3.733
-23.300 66.400 -10.300
-14.633 62.300 -17.967
-8.667 57.233 -21.767
-1.767 48.833 -23.333
4.933 39.067 -22.567
9.200 32.433 -19.700
12.933 28.633 -16.167
14.767 27.767 -14.500
16.867 24.767 -11.000
16.467 22.000 -9.467
14.800 20.233 -9.600
11.700 18.900 -10.633
10.467 18.433 -11.067
-6.633 19.733 -17.400
-11.933 22.733 -18.700
-14.467 25.000 -19.433
-22.000 32.833 -20.300
-26.567 38.167 -19.000
-30.733 43.500 -16.233
-34.033 48.967 -11.933
-34.867 50.600 -10.000
-37.133 58.700 1.533
-36.233 62.200 8.567
-34.067 63.967 15.667
-30.367 64.700 23.400
-29.700 64.733 24.167
-21.667 64.300 33.367
-17.767 63.067 37.100
-14.667 61.300 40.233
-12.500 59.000 42.467
-11.067 56.700 43.833
-8.800 50.767 47.633
-8.567 47.633 49.067
-9.233 44.867 49.367
-9.633 43.533 49.533
-12.700 40.633 49.300
-16.567 38.700 48.367
-20.967 38.800 46.567
-26.067 39.200 43.900
-28.367 39.333 42.267
-36.000 41.933 34.733
-39.333 45.333 28.933
-41.400 48.600 23.200
-41.800 52.367 17.433
-41.633 53.267 16.567
-37.633 62.067 7.300
-32.900 66.067 0.967
-26.500 68.167 -5.933
-19.867 68.167 -11.400
-18.700 67.733 -12.067
-6.200 61.900 -19.800
1.267 57.267 -21.167
7.700 52.233 -20.833
12.067 47.200 -19.500
14.767 43.600 -18.300
18.967 36.400 -14.700
19.433 32.300 -13.100
15.367 25.033 -12.733
6.200 19.233 -14.167
0.967 18.700 -15.767
-4.700 19.400 -16.800
-10.133 20.867 -18.000
-13.967 22.833 -18.300
-22.567 28.733 -18.600
-27.033 33.933 -17.267
-31.200 39.400 -15.633
-33.667 43.167 -13.133
-37.133 48.100 -7.800
-39.500 52.367 1.033
-40.033 54.600 8.267
-38.533 56.700 16.333
-37.567 57.133 18.900
-31.000 59.267 29.300
-26.800 60.133 33.100
-22.967 61.533 35.000
-19.600 62.133 36.933
-18.900 62.233 37.233
-12.167 61.467 41.233
-9.833 58.733 43.933
-9.033 53.933 46.533
-9.267 49.033 48.600
-9.667 47.700 48.833
-13.233 40.967 49.200
-16.767 38.633 48.233
-20.633 36.800 46.600
-23.733 36.367 45.233
-27.267 36.733 43.267
-33.467 38.000 37.367
-37.667 39.267 32.400
-40.067 41.033 28.000
-41.033 42.667 25.633
-42.067 47.333 20.367
-42.167 51.933 14.333
-40.900 55.767 10.533
-38.633 59.733 6.533
-37.400 61.167 4.900
-29.333 66.700 -4.067
-22.867 67.667 -9.633
-15.533 66.900 -14.367
-7.700 64.467 -17.667
-6.200 63.967 -18.100
15.600 47.933 -17.333
18.767 42.633 -15.500
19.533 40.900 -14.700
19.867 32.700 -12.467
17.800 27.767 -12.333
14.000 23.667 -13.033
9.033 20.833 -14.233
8.033 20.400 -14.500
-3.833 18.633 -16.567
-10.300 20.167 -17.567
-16.400 23.067 -18.100
-22.067 27.067 -17.900
-23.667 28.533 -17.733
-31.433 36.600 -14.900
-34.967 41.333 -11.567
-38.167 45.533 -6.367
-39.767 48.067 -1.067
-40.433 51.767 6.233
-39.067 55.200 15.667
-36.167 57.533 22.233
-31.467 59.633 28.267
-29.400 60.733 29.767
-23.667 63.300 33.133
-20.233 63.500 35.600
-16.467 63.000 38.500
-13.467 61.800 40.767
-12.700 61.133 41.567
-11.333 54.700 45.967
-12.267 48.867 48.067
-14.400 42.833 48.700
-17.433 38.600 47.900
-17.933 38.167 47.767
-25.500 35.100 43.867
-30.100 35.700 40.533
-34.200 36.967 36.600
-37.333 38.700 32.700
-38.600 40.200 30.833
-42.167 46.800 21.800
-42.067 50.900 16.333
-41.067 55.333 11.833
-39.700 58.500 8.700
-35.300 63.200 3.700
-29.400 67.100 -3.233
-23.400 68.567 -8.033
-9.467 64.600 -16.567
1.033 58.800 -19.567
6.533 54.333 -19.700
10.867 49.133 -19.333
12.933 44.567 -18.667
14.867 36.700 -17.500
14.700 29.267 -15.367
12.400 24.100 -14.100
8.600 20.000 -13.067
5.800 18.467 -13.367
-3.567 16.500 -14.133
-10.267 17.367 -15.000
-17.067 19.500 -14.667
-23.167 23.133 -14.533
-24.333 24.300 -14.667
-31.067 33.133 -13.867
-34.567 38.400 -11.267
-37.700 43.367 -6.667
-39.933 46.800 -0.900
-40.200 47.733 1.033
-40.167 51.300 12.133
-38.900 52.667 17.600
-36.800 53.033 23.767
-34.033 53.267 28.867
-30.900 52.933 32.533
-25.500 52.933 38.367
-22.600 52.500 40.533
-19.967 50.867 43.000
-18.600 49.133 44.433
-17.367 44.733 46.133
-18.667 40.833 46.300
-21.267 37.100 45.333
-25.033 33.367 42.833
-26.633 32.300 41.500
-33.600 31.267 34.767
-37.633 33.500 29.867
-40.633 36.300 24.300
-42.633 39.800 18.733
-42.700 40.433 17.933
-42.433 48.967 7.400
-39.733 54.500 2.133
-35.533 59.500 -2.300
-30.333 64.033 -5.700
-29.233 64.667 -6.167
-2.567 61.600 -18.400
4.567 54.633 -20.333
6.100 52.800 -20.367
14.333 39.533 -17.933
15.933 31.433 -15.033
15.200 23.800 -11.533
12.467 17.900 -8.433
11.967 17.200 -8.167
3.800 11.967 -6.967
-2.533 11.367 -7.900
-9.500 12.667 -9.767
-15.033 14.600 -10.600
-19.400 16.800 -10.733
-28.267 23.333 -10.167
-32.800 28.733 -9.600
-36.400 34.067 -7.200
-38.167 37.333 -5.067
-40.067 41.833 -0.533
-41.233 44.467 6.900
-40.867 43.633 14.267
-39.100 41.900 21.500
-38.067 41.600 24.200
-33.367 41.800 32.367
-30.133 42.633 35.867
-26.933 44.367 38.833
-23.533 46.300 41.267
-23.167 46.333 41.600
-19.633 45.800 43.967
-18.867 43.200 45.133
-19.333 38.967 45.467
-20.867 33.500 44.467
-21.633 31.800 43.933
-26.533 26.167 38.867
-30.167 26.933 36.333
-33.533 28.567 33.567
-35.867 29.900 30.867
-38.267 31.733 28.100
-41.833 36.533 20.367
-43.033 41.200 15.300
-43.033 45.767 9.667
-42.467 48.400 6.200
-37.967 55.500 -1.633
-33.000 60.100 -6.433
-27.533 62.367 -10.700
-11.433 59.867 -19.367
-1.500 54.733 -22.267
5.300 49.733 -21.967
10.600 43.967 -20.433
12.400 40.667 -19.367
15.367 31.733 -16.033
15.400 25.800 -13.067
13.567 21.433 -11.333
10.267 18.133 -10.667
8.733 17.100 -10.667
1.133 15.233 -12.067
-4.233 15.367 -13.167
-10.200 16.900 -14.400
-15.633 19.733 -15.400
-16.267 20.200 -15.467
-25.067 28.467 -16.700
-29.733 34.000 -15.667
-33.367 38.967 -13.067
-35.933 43.433 -10.033
-36.700 44.733 -8.967
-40.667 49.367 3.000
-41.367 48.533 13.100
-39.533 47.200 21.467
-37.467 45.867 26.933
-32.900 44.567 33.000
-28.533 44.667 38.233
-26.000 44.433 40.433
-24.167 44.067 42.133
-23.567 43.700 42.900
-21.900 41.433 44.567
-21.533 38.100 45.467
-21.733 34.633 45.133
-21.633 32.133 44.933
-21.767 31.700 44.767
-25.000 30.033 42.967
-28.667 29.833 39.967
-31.900 30.067 36.900
-35.100 31.233 33.633
-35.500 31.367 33.167
-40.533 36.033 25.400
-42.367 39.867 20.767
-43.233 44.367 16.700
-42.833 47.900 12.633
-42.100 50.633 9.967
-31.867 61.467 -7.100
-26.300 62.867 -11.267
-25.133 62.900 -12.100
-12.067 60.633 -19.533
-4.233 55.733 -22.267
2.967 48.533 -22.767
7.167 41.167 -21.933
8.600 37.533 -21.100
11.200 25.467 -15.767
10.800 20.133 -12.133
8.833 16.667 -9.933
7.000 15.033 -9.267
3.733 13.900 -9.500
-2.000 13.533 -10.900
-7.467 14.767 -12.567
-13.067 17.000 -13.800
-15.900 18.433 -14.300
-24.067 24.600 -15.000
-29.367 30.200 -13.933
-33.167 35.800 -12.433
-36.400 41.000 -9.400
-37.300 42.733 -8.133
-40.400 48.800 2.167
-41.367 49.533 9.333
-40.167 50.000 17.400
-37.267 51.367 25.200
-36.367 51.500 26.600
-27.567 52.667 36.967
-23.833 53.667 39.267
-21.533 53.967 40.733
-20.100 53.833 41.900
-19.133 53.267 42.667
-17.200 49.400 45.467
-17.333 44.433 46.633
-18.933 39.867 46.700
-20.300 37.633 46.367
-23.967 33.333 43.833
-27.867 31.100 40.667
-31.900 30.867 36.867
-35.667 31.967 32.867
-37.200 32.633 30.800
-41.600 36.767 22.800
-43.233 39.767 16.600
-43.367 42.933 10.367
-38.467 49.900 -4.500
-34.533 54.300 -9.100
-30.200 58.433 -11.600
-23.600 61.233 -15.067
-20.900 61.400 -16.367
-5.933 59.667 -20.533
3.167 54.867 -21.333
11.000 47.600 -19.967
16.300 39.000 -17.000
17.067 37.433 -16.267
18.733 25.833 -9.933
17.333 21.600 -8.233
14.367 18.267 -7.400
10.300 15.833 -8.100
8.733 15.400 -8.500
-1.067 14.067 -11.367
-7.233 14.533 -12.267
-14.433 16.433 -12.800
-19.500 18.600 -12.567
-24.700 21.767 -11.800
-33.100 28.633 -9.300
-37.333 34.300 -5.767
-39.667 39.400 -1.767
-40.667 41.933 0.767
-41.533 46.267 8.067
-40.467 48.367 16.233
-38.233 49.867 22.900
-34.933 51.100 28.733
-33.467 51.500 30.800
-26.633 53.467 37.333
-24.100 54.533 38.900
-22.667 53.867 40.367
-21.000 52.000 42.400
-20.800 51.700 42.567
-20.467 44.733 45.167
-22.100 40.233 45.067
-24.600 37.067 43.767
-27.133 35.200 42.133
-28.533 34.533 41.233
-33.633 33.600 36.067
-37.100 35.433 31.833
-39.833 38.267 27.200
-41.433 40.467 24.133
-42.533 43.800 20.267
-39.767 55.700 3.233
-35.800 59.300 -2.967
-33.900 59.967 -4.533
-22.167 60.367 -16.500
-15.533 56.133 -21.067
-8.667 49.500 -24.233
-3.767 43.933 -24.200
0.467 39.333 -23.800
6.500 33.233 -20.967
9.067 28.067 -18.233
9.800 23.500 -15.167
9.433 21.567 -14.233
6.567 18.900 -13.467
2.533 17.000 -13.333
-2.200 16.700 -13.767
-7.367 17.933 -15.800
-9.433 18.700 -16.133
-18.200 23.733 -17.600
-23.267 28.167 -17.300
-28.200 33.667 -16.567
-31.933 39.300 -14.733
-32.467 40.400 -14.200
-36.400 49.667 -7.567
-37.933 53.133 -2.233
-39.033 55.367 4.900
-38.800 56.367 12.667
-38.367 56.533 14.333
-34.367 56.967 25.933
-30.100 57.700 31.467
-25.200 58.633 35.533
-22.300 58.933 37.633
-20.400 59.300 38.567
-17.667 58.900 40.933
-16.333 56.133 43.500
-15.733 51.900 45.733
-15.733 49.533 46.733
-17.933 41.567 47.333
-20.600 36.967 46.400
-23.800 34.433 44.500
-27.467 32.767 41.833
-28.933 32.500 40.400
-35.833 33.833 33.133
-39.267 36.533 28.433
-41.500 39.967 22.800
-41.767 50.800 5.967
-38.933 55.300 0.167
-34.433 59.867 -4.600
-28.733 63.433 -8.867
-26.733 64.333 -9.967
-14.000 66.133 -15.567
-4.933 64.167 -17.700
3.833 58.833 -19.600
10.933 50.700 -19.600
11.600 49.533 -19.567
17.467 35.000 -15.567
17.633 27.800 -12.300
15.433 21.400 -10.133
12.300 17.800 -9.167
10.400 16.733 -9.133
2.067 13.900 -10.400
-4.267 14.333 -12.133
-11.200 16.233 -13.367
-15.500 18.233 -14.033
-22.167 23.133 -14.700
-28.600 28.900 -13.767
-32.800 34.333 -11.833
-36.433 39.867 -8.733
-37.600 42.633 -6.133
-40.100 48.700 1.300
-40.433 51.633 8.033
-39.100 54.333 14.767
-36.667 56.300 21.333
-35.800 56.867 23.233
-28.467 59.367 31.767
-24.067 60.733 35.300
-20.300 61.100 37.933
-17.767 60.133 39.967
-17.467 60.033 40.233
-16.200 55.133 44.233
-17.533 50.633 46.100
-19.933 46.500 45.933
-22.133 43.567 45.433
-24.733 41.300 44.300
-29.533 38.333 40.967
-33.000 38.233 37.467
-36.300 38.800 33.633
-37.833 39.267 30.933
-40.767 41.900 25.233
-42.133 51.267 11.533
-40.633 54.867 6.900
-38.367 58.033 3.933
-31.133 64.800 -3.833
-25.033 68.033 -7.367
-17.133 69.333 -11.067
-11.667 69.000 -13.200
-1.900 65.600 -15.700
7.167 59.933 -17.700
13.267 55.533 -16.600
17.600 51.633 -14.733
19.133 49.700 -14.100
21.933 40.667 -12.500
21.333 34.167 -11.967
19.000 29.100 -12.267
14.800 25.367 -13.600
13.500 24.567 -13.933
3.167 20.500 -16.500
-3.133 20.533 -17.667
-9.433 22.233 -18.833
-15.667 24.867 -19.167
-17.100 25.533 -19.033
-26.467 33.567 -17.767
-29.833 39.733 -16.433
-32.633 46.033 -13.800
-34.700 50.533 -10.100
-36.200 52.767 -7.000
-38.733 56.000 4.967
-38.967 56.300 12.633
-37.500 56.067 20.000
-35.800 55.867 24.300
-31.733 56.167 30.133
-26.967 56.333 35.567
-23.333 56.467 38.567
-20.500 55.933 40.900
-19.533 55.700 41.733
-17.567 52.567 44.500
-17.100 49.533 46.000
-18.233 45.600 46.667
-20.100 42.200 46.700
-20.567 41.667 46.700
-25.933 37.833 43.367
-28.800 38.000 41.233
-31.633 39.200 38.967
-38.867 45.533 28.933
-40.533 49.200 24.100
-40.567 53.400 19.267
-39.733 58.033 14.033
-39.467 58.667 13.467
-32.367 67.967 6.233
-26.367 71.767 2.267
-18.900 73.600 -3.567
-11.167 73.000 -8.533
-8.567 72.333 -9.500
4.933 66.567 -13.933
11.433 62.500 -14.033
16.467 57.667 -13.433
19.533 52.700 -13.067
21.367 47.367 -12.667
22.300 38.033 -12.100
20.667 33.400 -12.600
18.000 29.733 -13.800
15.467 27.633 -14.833
7.900 24.633 -17.333
1.467 24.433 -19.533
-5.200 25.333 -20.833
-11.733 27.533 -21.500
-13.900 28.833 -21.567
-23.100 35.933 -20.400
-28.267 40.433 -17.933
-32.700 45.167 -13.767
-36.133 49.467 -7.833
-36.667 50.167 -6.733
-39.200 55.467 5.767
-38.733 56.833 12.867
-36.733 57.533 20.500
-33.267 58.500 26.900
-31.967 58.633 28.167
-26.233 58.567 35.133
-24.000 58.933 36.933
-21.467 58.233 39.333
-19.533 57.000 41.300
-18.633 55.267 42.733
-18.233 50.800 45.267
-19.233 45.967 46.200
-20.133 42.367 46.467
-21.033 41.333 46.033
-24.767 38.267 44.167
-32.967 37.767 37.233
-34.867 38.200 35.167
-38.467 40.367 30.567
-40.900 43.200 24.900
-41.800 46.533 20.700
-41.833 50.033 16.633
-41.667 51.900 14.833
-38.867 59.067 8.067
-35.167 64.100 4.567
-29.800 68.667 1.233
-23.033 71.367 -3.233
-21.100 71.633 -4.233
-6.067 70.367 -12.267
1.567 67.167 -14.333
7.200 63.767 -15.200
12.767 59.867 -14.767
13.500 58.967 -14.700
20.567 47.533 -13.633
21.800 41.567 -12.933
21.200 36.033 -12.800
19.367 32.100 -13.533
16.167 29.467 -14.800
8.833 26.200 -18.100
2.133 25.267 -19.533
-5.233 25.567 -21.033
-9.333 26.367 -21.300
-17.867 30.467 -21.200
-24.100 35.533 -19.433
-29.467 40.433 -17.133
-33.467 44.500 -13.000
-34.800 45.900 -11.200
-38.533 52.000 -1.733
-39.667 54.533 5.967
-38.867 55.933 14.967
-36.133 56.733 23.167
-35.467 56.933 24.267
-27.700 59.600 33.000
-24.400 59.667 35.633
-21.667 59.267 38.267
-19.433 57.933 40.667
-18.967 57.333 41.333
-16.833 53.067 44.800
-16.967 49.033 46.433
-17.700 44.633 47.033
-23.800 36.733 44.533
-27.267 35.567 42.067
-31.000 36.000 39.267
-34.900 37.500 35.033
-36.200 38.033 33.700
-41.567 41.800 22.867
-42.700 44.900 16.767
-42.633 49.133 10.767
-41.267 52.967 6.167
-37.800 58.300 2.067
-31.333 64.767 -3.700
-24.633 67.867 -8.000
-16.767 68.200 -12.867
-11.700 67.100 -15.367
0.433 61.667 -18.667
8.033 57.033 -18.867
13.733 52.900 -17.533
18.300 48.467 -15.567
19.200 47.333 -14.933
22.700 39.833 -11.533
22.433 35.100 -11.167
20.333 30.200 -11.567
16.767 26.167 -12.767
16.200 25.700 -12.933
6.000 20.800 -15.833
-0.500 20.233 -17.200
-6.900 20.833 -18.033
-12.967 22.400 -17.933
-14.867 23.367 -17.767
-25.933 29.733 -16.500
-31.033 33.967 -13.967
-34.867 38.367 -10.200
-37.433 41.300 -7.033
-39.467 45.033 -2.333
-40.500 49.700 6.667
-39.900 52.233 13.133
-38.133 53.767 19.967
-36.333 54.567 23.767
-31.033 55.700 30.933
-27.667 56.400 34.833
-24.900 56.833 37.200
-22.300 56.667 39.367
-21.400 56.167 40.367
-17.767 52.233 44.433
-18.300 42.967 46.833
-19.200 41.200 46.867
-23.367 39.100 44.967
-26.933 38.800 42.633
-30.500 39.333 39.800
-34.000 41.133 36.367
-35.067 41.833 34.933
-40.067 46.233 25.833
-41.700 49.433 18.700
-41.300 53.533 11.000
-38.800 58.033 3.700
-38.267 58.600 3.033
-27.833 66.267 -6.533
-19.900 67.367 -11.900
-10.500 64.967 -17.267
-2.567 61.067 -19.333
1.100 58.533 -20.100
13.067 50.300 -18.467
18.167 46.900 -15.667
22.267 43.300 -11.800
23.700 40.200 -10.200
24.733 35.767 -8.267
23.967 31.067 -7.233
21.733 28.333 -8.633
17.900 25.533 -11.200
15.567 24.100 -12.200
6.833 20.900 -15.267
0.167 20.733 -17.200
-6.833 21.600 -18.400
-13.933 23.667 -18.900
-15.933 24.667 -18.833
-26.600 31.567 -16.833
-31.333 37.233 -14.400
-34.867 42.933 -10.900
-37.500 47.700 -5.933
-37.900 48.467 -4.800
-39.700 53.467 8.833
-38.533 54.367 16.700
-36.867 53.733 23.133
-34.400 52.700 28.467
-32.900 52.733 30.433
-27.467 54.567 36.267
-25.400 55.100 37.700
-23.233 55.200 39.567
-18.833 53.167 43.733
-19.100 50.467 44.967
-20.200 47.067 45.600
-22.033 44.700 45.267
-24.767 43.267 44.133
-29.800 41.933 40.600
-33.200 43.167 37.367
-36.467 45.633 33.033
-38.200 47.467 29.500
-40.133 51.800 22.967
-39.933 56.300 16.900
-38.267 60.500 11.500
-34.967 64.667 5.300
-33.067 66.467 3.300
-24.067 71.467 -2.500
-17.333 72.467 -6.333
-9.367 70.833 -11.533
-0.167 65.033 -16.600
1.367 63.500 -17.300
13.267 48.800 -18.467
17.000 43.200 -16.767
19.267 37.367 -14.267
20.533 32.633 -11.800
20.633 32.000 -11.500
19.033 27.100 -10.667
16.200 24.767 -11.900
12.333 23.033 -13.700
8.267 22.067 -15.467
4.500 21.667 -16.333
-5.300 21.500 -18.333
-11.733 23.200 -18.933
-18.000 26.167 -18.800
-21.533 28.500 -18.000
-28.600 34.167 -16.267
-33.800 39.500 -12.333
-37.433 44.400 -7.433
-39.567 48.867 -0.833
-40.267 50.433 2.133
-39.733 53.500 15.167
-37.767 53.400 22.700
-34.700 53.400 28.500
-31.333 53.967 32.567
-30.733 53.967 33.100
-25.133 55.367 37.833
-17.967 53.267 43.667
-16.967 52.167 44.633
-16.000 46.633 47.067
-17.233 41.833 47.633
-19.233 37.100 46.900
-21.700 33.533 45.367
-22.533 32.800 44.833
-28.100 31.167 40.800
-31.133 31.767 38.133
-34.033 32.900 35.267
-36.633 35.167 32.467
-37.667 36.733 31.300
-40.900 43.033 24.800
-41.767 47.233 20.733
-41.767 51.800 16.100
-40.833 54.933 12.400
-38.433 59.433 8.200
-33.200 65.400 1.267
-26.767 69.500 -2.700
-18.933 71.300 -7.067
-14.400 70.833 -10.000
-2.100 66.467 -15.400
6.367 60.667 -17.433
13.067 54.300 -17.100
17.300 47.333 -16.167
18.367 45.200 -15.667
20.600 33.900 -12.367
19.067 28.500 -11.600
15.600 25.000 -12.400
11.500 22.367 -13.800
10.900 22.133 -14.033
-0.267 19.500 -16.467
-7.333 19.800 -17.000
-13.833 21.333 -17.067
-19.867 23.633 -16.533
-22.567 25.333 -16.233
-31.100 32.333 -12.867
-34.900 37.600 -10.467
-37.833 43.133 -6.567
-39.133 47.600 -2.767
-39.567 52.700 3.200
-38.300 57.800 13.500
-35.533 60.100 20.300
-31.833 60.967 26.467
-22.800 60.633 36.467
-20.533 58.967 39.333
-18.733 57.533 41.700
-17.700 55.833 43.600
-17.500 52.267 44.800
-17.833 46.933 46.967
-19.067 43.333 47.133
-21.067 40.667 46.833
-22.833 39.367 45.667
-27.933 36.433 42.533
-31.733 37.067 39.067
-35.367 38.600 35.500
-38.933 40.400 30.067
-39.533 41.000 28.733
-42.833 46.500 17.500
-42.300 50.433 11.200
-40.500 54.633 4.633
-36.967 59.267 -0.900
-35.667 60.367 -1.800
-24.400 68.233 -7.667
-16.333 69.500 -11.433
-6.667 68.133 -14.933
2.000 64.300 -16.700
7.467 60.467 -16.800
17.867 51.867 -14.467
21.800 47.200 -11.967
23.833 40.967 -9.933
24.133 37.033 -9.000
