1.232032 0.992399 -0.394646 128.851348
1.505261 0.485770 -0.579681 107.885667
1.452951 0.194402 -0.719104 97.620808
0.970561 -0.325163 -0.914660 71.477835
0.755074 -0.360321 -0.935387 64.489587
0.617612 -0.346273 -0.953138 60.722211
0.571587 -0.325476 -0.960059 60.341730
0.531198 -0.239954 -1.006118 65.690256
0.531791 -0.125518 -1.054312 76.719576
0.561769 0.021321 -1.098741 92.173532
0.593692 0.163761 -1.123775 105.420683
0.589611 0.206744 -1.128605 109.322964
0.639877 0.502166 -1.094446 128.124284
0.663442 0.683965 -1.021922 135.872632
0.708168 0.864389 -0.890092 140.673269
0.738732 0.980286 -0.764350 142.998766
0.763646 1.067011 -0.633243 144.409199
0.778595 1.180305 -0.352586 146.588921
0.777026 1.195871 -0.172456 146.985923
0.773423 1.180626 0.004104 146.771358
0.769423 1.163829 0.104048 146.530787
0.768200 1.088144 0.328904 144.778959
0.728494 0.996087 0.496304 143.819923
0.696913 0.888851 0.614144 141.901392
0.627130 0.758400 0.713924 140.412238
0.620005 0.726238 0.726334 139.511901
0.507629 0.536101 0.814311 136.562624
0.457169 0.449158 0.835851 134.493599
0.349878 0.388370 0.824905 137.984644
0.236720 0.340972 0.791494 145.229716
0.158377 0.314460 0.739909 153.267985
-0.072587 0.290218 0.550451 194.042258
-0.179346 0.358532 0.381977 206.575301
-0.222827 0.467463 0.215913 205.485858
-0.232924 0.507845 0.142868 204.638643
-0.175725 0.708282 -0.055201 193.933717
-0.102040 0.813590 -0.139184 187.148704
-0.000743 0.926895 -0.205932 180.045912
0.130833 1.026291 -0.256094 172.735018
0.151362 1.039442 -0.261330 171.714918
0.436316 1.159693 -0.365481 159.381988
0.604727 1.182610 -0.387834 152.917101
0.785753 1.173311 -0.403963 146.190223
0.923745 1.145851 -0.405131 141.125463
1.069215 1.096808 -0.373144 135.729853
1.266706 0.972761 -0.384055 127.522284
1.454727 0.563393 -0.620074 111.170618
1.456011 0.533287 -0.635161 110.116044
1.324378 0.118489 -0.862498 95.112498
1.156604 -0.067626 -0.945699 86.653738
0.946945 -0.188133 -0.989677 78.763168
0.784146 -0.240407 -1.000232 72.955310
0.656405 -0.261014 -1.004693 68.315149
0.478310 -0.200624 -0.998093 67.244708
0.430307 -0.127397 -1.015028 73.508094
0.392838 -0.016953 -1.039038 87.528991
0.375172 0.022142 -1.037405 93.377577
0.418070 0.273619 -1.074698 123.203939
0.454484 0.443311 -1.058452 134.286960
0.525991 0.641931 -1.000401 140.669221
0.611748 0.824400 -0.902238 143.422638
0.630827 0.858819 -0.877233 143.701647
0.774667 1.085365 -0.597439 144.483079
0.850235 1.150702 -0.415059 143.539905
0.895604 1.176263 -0.227755 142.714447
0.907765 1.180617 -0.100765 142.443652
0.905326 1.140984 0.109581 141.569377
0.865153 1.101609 0.295633 141.855551
0.802927 1.009233 0.471660 141.494889
0.731261 0.880940 0.619958 140.304187
0.720225 0.849527 0.642230 139.708866
0.635720 0.651490 0.775896 135.701924
0.563115 0.552173 0.823978 134.437912
0.515810 0.475850 0.849576 132.692424
0.470775 0.414262 0.866669 131.346399
0.454131 0.369005 0.862515 129.095626
0.304952 0.291343 0.836537 133.692531
0.149622 0.293091 0.754774 152.955757
-0.014492 0.346350 0.614413 182.395929
-0.071718 0.380831 0.535318 190.664967
-0.132038 0.531537 0.363295 193.950335
-0.129537 0.637982 0.256944 191.477389
-0.090184 0.772363 0.144995 186.659876
-0.009000 0.901327 0.054682 180.572113
0.006798 0.918189 0.040821 179.575804
0.224536 1.086655 -0.117089 168.325248
0.362618 1.152896 -0.195924 162.540194
0.530649 1.194651 -0.251534 156.049827
0.651068 1.201074 -0.272552 151.539129
1.041949 1.119778 -0.353659 137.061925
1.189370 1.033783 -0.397116 130.996705
1.292076 0.897232 -0.487302 124.776544
1.334582 0.827886 -0.546346 121.812716
1.394152 0.468127 -0.753690 108.560973
1.337611 0.255056 -0.848436 100.795564
1.242192 0.050833 -0.907478 92.343336
1.163338 -0.094185 -0.921615 85.371361
1.136469 -0.137947 -0.927109 83.079195
0.926066 -0.294289 -0.947483 72.370554
0.827111 -0.318546 -0.950671 68.936768
0.756473 -0.323859 -0.966771 66.823409
0.709825 -0.312753 -0.972043 66.221429
0.657855 -0.248643 -1.013933 69.295392
0.627877 -0.148499 -1.056947 76.693526
0.612882 -0.020429 -1.096385 88.090903
0.607379 0.128344 -1.115538 101.931527
0.600500 0.178879 -1.122531 106.587954
0.619798 0.515088 -1.082301 129.728540
0.652828 0.689782 -1.000853 136.576585
0.701324 0.844908 -0.903377 140.305281
0.736958 0.951327 -0.798639 142.236368
0.781341 1.047937 -0.667765 143.291791
0.806588 1.152570 -0.441863 145.014999
0.806101 1.187555 -0.279462 145.831726
0.802425 1.189121 -0.141906 145.988322
0.785435 1.184730 -0.093020 146.456995
0.726494 1.175501 0.036361 148.282747
0.674274 1.165704 0.117718 149.953782
0.648272 1.150518 0.170768 150.600420
0.641779 1.136467 0.209126 150.545970
0.644618 1.135369 0.209085 150.413772
0.604971 1.123088 0.248444 151.690099
0.583285 1.122217 0.252987 152.536350
0.572533 1.120463 0.255901 152.933918
0.575605 1.123500 0.246615 152.872470
0.581639 1.124273 0.236173 152.645342
0.578733 1.133624 0.218470 152.954984
0.566323 1.136843 0.209390 153.519607
0.557396 1.146055 0.185475 154.063542
0.570106 1.145817 0.179383 153.547185
0.555867 1.153728 0.152204 154.275189
0.543696 1.156073 0.143304 154.812589
0.537663 1.158850 0.141911 155.110479
0.544945 1.153469 0.143095 154.712063
0.560434 1.155379 0.128644 154.123610
0.555484 1.152038 0.124445 154.257801
0.563457 1.153420 0.123972 153.964028
0.546481 1.156762 0.132535 154.712860
0.555636 1.160243 0.125945 154.410428
0.566222 1.158483 0.120432 153.952381
0.562557 1.160451 0.116230 154.137072
0.550373 1.163937 0.118067 154.692658
0.540797 1.167516 0.111356 155.146302
0.538748 1.163382 0.103600 155.151733
0.541771 1.161423 0.098928 154.992265
0.535047 1.155662 0.105109 155.156884
0.518384 1.159070 0.093681 155.903806
0.501680 1.157798 0.078540 156.572641
0.499925 1.152778 0.075774 156.555079
0.484627 1.152099 0.071349 157.186061
0.467446 1.152574 0.055848 157.924146
0.455882 1.155873 0.026030 158.475460
0.427559 1.150812 -0.000070 159.618550
0.407686 1.141837 -0.014449 160.351178
0.397330 1.139628 -0.054106 160.778951
0.394155 1.136932 -0.062769 160.879439
0.336034 1.125598 -0.113844 163.377615
0.307285 1.101744 -0.129994 164.415809
0.287754 1.102203 -0.161750 165.368264
0.272638 1.085459 -0.183060 165.900528
0.256470 1.067542 -0.213613 166.491093
0.226042 1.047710 -0.216776 167.825124
0.212533 1.048309 -0.242319 168.539276
0.209580 1.030678 -0.252319 168.506061
0.215382 1.029091 -0.259433 168.179000
0.182060 1.008595 -0.261449 169.767800
0.162413 0.998112 -0.258994 170.757838
0.154882 0.988846 -0.264285 171.098165
0.148648 0.978423 -0.262564 171.361353
0.157044 0.978070 -0.267489 170.878170
0.157289 0.982838 -0.293388 170.907709
0.147874 0.971177 -0.297920 171.342480
0.130269 0.968061 -0.291217 172.335916
0.124116 0.951793 -0.294324 172.570431
0.127494 0.947478 -0.291604 172.336226
0.119834 0.940836 -0.293370 172.741343
0.107137 0.938157 -0.292098 173.485085
0.102322 0.925409 -0.284480 173.690443
0.101858 0.922465 -0.283741 173.698978
0.106656 0.921151 -0.292877 173.395380
0.112115 0.913679 -0.294449 173.004331
0.104204 0.912602 -0.297493 173.485998
0.104565 0.908788 -0.292511 173.436417
0.104471 0.915774 -0.276946 173.491857
0.106620 0.904364 -0.263495 173.276173
0.096852 0.910262 -0.263164 173.926537
0.094190 0.906632 -0.247593 174.068814
0.086165 0.916916 -0.227842 174.631533
0.085142 0.919788 -0.216717 174.711387
0.099943 0.930139 -0.217257 173.867146
0.094790 0.933809 -0.215513 174.203839
0.092069 0.945078 -0.184172 174.435840
0.079736 0.948463 -0.147911 175.194542
0.091342 0.955168 -0.132132 174.537480
0.090348 0.969185 -0.124310 174.674264
0.096527 0.977846 -0.124924 174.362385
0.094378 0.980382 -0.108788 174.501303
0.093293 0.988275 -0.111899 174.607236
0.095697 0.995377 -0.114503 174.508352
0.109827 0.994591 -0.120616 173.698668
0.113425 0.995552 -0.116405 173.500223
0.106552 1.005665 -0.129056 173.951947
0.102074 1.002036 -0.130486 174.183542
0.102148 0.997649 -0.132905 174.153925
0.111125 1.000533 -0.137273 173.662379
0.115720 1.008004 -0.146383 173.451054
0.116068 1.008881 -0.142499 173.437171
0.111215 1.008433 -0.132257 173.706562
0.112280 1.008465 -0.133751 173.646994
0.118833 1.008620 -0.128286 173.280525
0.130007 1.006865 -0.129735 172.642628
0.124261 1.011989 -0.129645 172.999781
0.112076 1.013701 -0.121891 173.690906
0.118336 1.014742 -0.121416 173.348380
0.128971 1.012653 -0.113791 172.741908
0.131749 1.011251 -0.110315 172.577121
0.109126 1.002398 -0.090050 173.786949
0.111666 1.003644 -0.092672 173.651362
0.110895 1.004501 -0.092104 173.700189
0.108184 0.997651 -0.077836 173.811111
0.100278 0.988016 -0.059620 174.204652
0.089246 0.980681 -0.054680 174.800190
0.083737 0.981382 -0.042576 175.122990
0.086754 0.979106 -0.038921 174.936498
0.091643 0.983917 -0.037123 174.678785
0.084024 0.981955 -0.035176 175.109197
0.072931 0.974316 -0.026720 175.719196
0.074009 0.969657 -0.027117 175.635389
0.075812 0.979672 -0.028965 175.574958
0.078904 0.974784 -0.033646 175.372297
0.081791 0.976907 -0.032383 175.214076
0.072767 0.972577 -0.035236 175.721200
0.065265 0.972682 -0.037911 176.161348
0.073012 0.970246 -0.037466 175.696556
0.074206 0.967654 -0.042485 175.614781
0.083812 0.978771 -0.050912 175.105715
0.075026 0.973567 -0.053584 175.593346
0.073770 0.977630 -0.050966 175.684724
0.082925 0.979336 -0.051639 175.160063
0.088297 0.980942 -0.051891 174.856523
0.091901 0.980444 -0.050090 174.645071
0.084331 0.983478 -0.052757 175.098977
0.083867 0.978758 -0.046101 175.102476
0.087280 0.982356 -0.043176 174.922713
0.095718 0.986682 -0.044387 174.459061
0.094434 0.981373 -0.044384 174.503561
0.086119 0.975882 -0.044288 174.956875
0.090597 0.977736 -0.036940 174.706077
0.099170 0.976205 -0.038168 174.199345
0.096599 0.985800 -0.035333 174.403437
0.098386 0.981753 -0.038699 174.277206
0.086796 0.982011 -0.029290 174.948977
0.090413 0.978597 -0.032308 174.721392
0.097896 0.982867 -0.022403 174.311979
0.105507 0.986287 -0.021940 173.894046
0.104333 0.984505 -0.024150 173.950659
0.101977 0.980623 -0.020243 174.063018
0.106853 0.990125 -0.019542 173.840562
0.127968 0.997955 -0.002962 172.692833
0.131075 1.005354 -0.000208 172.571841
0.127342 1.008475 0.001516 172.803253
0.136722 1.013999 -0.000075 172.320874
0.140423 1.019944 0.004333 172.160968
0.151542 1.018200 -0.001927 171.534622
0.162145 1.030502 -0.005922 171.058068
0.156663 1.027146 -0.009374 171.327928
0.159380 1.027214 -0.008300 171.180453
0.167082 1.038534 -0.002821 170.860432
0.170583 1.034828 -0.007134 170.639438
0.159244 1.031296 -0.002365 171.222177
0.171860 1.039820 0.001190 170.615044
0.160406 1.035995 0.004664 171.198636
0.158228 1.032710 0.006350 171.289109
0.166617 1.033815 0.003835 170.844526
0.172925 1.039852 -0.000304 170.558224
0.188210 1.046997 -0.002895 169.809241
0.192199 1.058840 -0.008839 169.711793
0.192847 1.060923 -0.014209 169.697647
0.192828 1.065298 -0.006979 169.740070
0.212446 1.064635 -0.006132 168.714957
0.215021 1.068468 0.009204 168.621663
0.214769 1.072258 0.013844 168.673769
0.210742 1.074489 0.016495 168.903320
0.224565 1.075730 0.016129 168.208513
0.222606 1.074171 0.031141 168.292033
0.226081 1.079848 0.024632 168.175129
0.226265 1.078987 0.020001 168.156594
0.220812 1.083226 0.025082 168.478296
0.222990 1.086511 0.023396 168.401945
0.229673 1.085817 0.019419 168.056801
0.241366 1.088769 0.016125 167.500398
0.243954 1.095011 0.008889 167.440348
0.247791 1.095098 0.013280 167.250233
0.237033 1.094803 0.018604 167.783594
0.237462 1.088060 0.023577 167.688617
0.225323 1.076014 0.026298 168.172865
0.208311 1.069669 0.040573 168.979936
0.200919 1.069750 0.047519 169.362707
0.214797 1.072753 0.046046 168.677421
0.212796 1.070065 0.036400 168.752720
0.202358 1.066601 0.034352 169.257373
0.192856 1.060468 0.042975 169.692895
0.192207 1.056610 0.054262 169.690126
0.192446 1.059287 0.042607 169.703100
0.184253 1.050854 0.047506 170.055048
0.167371 1.043660 0.052338 170.889101
0.161288 1.039666 0.061477 171.181727
0.172388 1.042297 0.062446 170.608725
0.173827 1.035599 0.061114 170.471619
0.160078 1.029972 0.059062 171.165758
0.149095 1.025858 0.065304 171.730732
0.141647 1.024176 0.073357 172.125741
0.148023 1.023734 0.081043 171.772558
0.158487 1.021366 0.082563 171.179663
0.150739 1.020252 0.093953 171.595508
0.146774 1.021014 0.099004 171.819604
0.143359 1.012092 0.113831 171.937875
0.137693 1.007821 0.120928 172.220155
0.151639 1.007896 0.119447 171.443968
0.145905 1.008329 0.120635 171.766461
0.138574 1.010489 0.118147 172.191413
0.136280 1.005137 0.124456 172.278735
0.141700 1.008189 0.131424 171.999515
0.147428 1.009214 0.132646 171.688921
0.151564 1.010508 0.127783 171.469882
0.137877 1.001635 0.134049 172.162396
0.130778 1.002605 0.140068 172.568405
0.134969 1.002112 0.145933 172.329294
0.142723 0.998217 0.143969 171.863120
0.146969 1.001261 0.142810 171.649522
0.136708 0.993069 0.147181 172.161796
0.125896 0.992786 0.147695 172.772872
0.117984 0.989934 0.150569 173.203354
0.126680 0.987237 0.148225 172.687918
0.125060 0.976361 0.145442 172.700856
0.115838 0.977583 0.146123 173.242288
0.101911 0.966034 0.164044 173.977893
0.102573 0.961651 0.165690 173.911682
0.108697 0.966774 0.172099 173.585043
0.114246 0.967202 0.175542 173.263407
0.117079 0.969338 0.171994 173.113002
0.113653 0.968657 0.173888 173.308067
0.117948 0.974922 0.174033 173.101795
0.125462 0.968351 0.183724 172.617729
0.124043 0.970675 0.177827 172.717640
0.115782 0.966946 0.176817 173.171899
0.111003 0.963885 0.178723 173.430613
0.113585 0.969810 0.179814 173.319912
0.122391 0.970639 0.175258 172.813345
0.125921 0.976304 0.173560 172.650738
0.128098 0.976039 0.183709 172.523055
0.125927 0.969520 0.188903 172.599537
0.130099 0.976952 0.190162 172.414656
0.135110 0.980597 0.190845 172.154994
0.141334 0.975500 0.185197 171.756135
0.128631 0.974280 0.188879 172.478942
0.127485 0.983642 0.183367 172.615322
0.123307 0.977670 0.184517 172.811631
0.127150 0.976299 0.186498 172.579765
0.127744 0.978395 0.176317 172.561279
0.126447 0.977778 0.175223 172.631384
0.114956 0.967815 0.172573 173.226190
0.106102 0.965541 0.169909 173.728975
0.104573 0.962564 0.172143 173.799708
0.094606 0.957037 0.169670 174.354494
0.106360 0.958518 0.168777 173.668161
0.098681 0.956251 0.174240 174.108183
0.098613 0.957404 0.180166 174.119255
0.110135 0.956526 0.182601 173.431831
0.117747 0.961721 0.177147 173.019797
0.120335 0.966188 0.175829 172.900580
0.113824 0.968937 0.179994 173.300020
0.111939 0.966541 0.180753 173.393767
0.111345 0.967996 0.179099 173.438284
0.123565 0.974197 0.171550 172.771312
0.123149 0.976248 0.167675 172.810383
0.116541 0.974330 0.163316 173.179178
0.121539 0.982666 0.162901 172.949286
0.130174 0.981440 0.158157 172.444638
0.129813 0.985254 0.153175 172.494199
0.132475 0.983559 0.155356 172.329051
0.124563 0.980707 0.158229 172.761445
0.117757 0.982566 0.163322 173.165878
0.127095 0.981636 0.163935 172.622776
0.142987 0.982636 0.164096 171.720800
0.145984 0.986510 0.169064 171.582423
0.138727 0.982508 0.170075 171.963123
0.135772 0.981539 0.174738 172.124515
0.140373 0.985777 0.169136 171.895655
0.143219 0.983221 0.166686 171.712402
0.133062 0.981788 0.165337 172.281739
0.134175 0.986816 0.159228 172.257112
0.130058 0.979372 0.162779 172.435559
0.126037 0.981921 0.157103 172.685628
0.131648 0.982653 0.157030 172.369381
0.140980 0.984956 0.154136 171.854386
0.140228 0.981439 0.147474 171.868587
0.135443 0.979837 0.151790 172.129861
0.128112 0.980222 0.155220 172.553820
0.134556 0.978627 0.156981 172.171238
0.148195 0.984279 0.149411 171.437738
0.145356 0.985377 0.149452 171.608661
0.136672 0.983382 0.152893 172.087599
0.138202 0.984584 0.156578 172.009835
0.148017 0.983682 0.151633 171.442731
0.152748 0.981746 0.154341 171.156381
0.149786 0.984010 0.155497 171.344895
0.146365 0.980096 0.160899 171.506354
0.143006 0.976487 0.162785 171.668277
0.144303 0.977103 0.163879 171.599014
0.151915 0.980524 0.164342 171.193042
0.163479 0.984325 0.170491 170.570237
0.160933 0.984537 0.175522 170.716483
0.166080 0.982325 0.176188 170.403855
0.164550 0.981123 0.172504 170.479170
0.176880 0.990850 0.162742 169.878555
0.181126 0.992119 0.167500 169.653748
0.173220 0.986034 0.173882 170.036295
0.171788 0.989500 0.178721 170.151005
0.176053 0.986394 0.176251 169.880305
0.179658 0.987672 0.172135 169.690604
0.183201 0.988645 0.171535 169.501899
0.176751 0.991699 0.172184 169.894280
0.168900 0.985602 0.183376 170.275840
0.173043 0.985437 0.176103 170.040388
0.176402 0.989047 0.174217 169.887312
0.181719 0.988890 0.175071 169.587429
0.174873 0.987845 0.170533 169.961248
0.174531 0.983735 0.170157 169.939474
0.174524 0.983418 0.178484 169.936678
0.182607 0.990100 0.169881 169.550196
0.177883 0.988802 0.170681 169.801709
0.177877 0.990260 0.173090 169.816772
0.175153 0.991651 0.174426 169.983273
0.176102 0.989615 0.177554 169.909846
0.179358 0.988241 0.175471 169.713256
0.184608 0.992788 0.170417 169.466234
0.183733 0.988661 0.170788 169.472238
0.175876 0.987572 0.172555 169.902097
0.172920 0.986603 0.177218 170.058833
0.177118 0.986426 0.174756 169.820696
0.182888 0.993906 0.173774 169.573685
0.180361 0.989743 0.171576 169.672297
0.179070 0.985893 0.173988 169.705438
0.170968 0.987136 0.177986 170.174063
0.179877 0.992948 0.173626 169.731960
0.183133 0.991574 0.171543 169.536003
0.180778 0.989467 0.169534 169.646144
0.175828 0.984351 0.171252 169.872467
0.174927 0.987833 0.175344 169.958051
0.176170 0.986687 0.177545 169.876703
0.181665 0.988902 0.170261 169.590617
0.187637 0.987595 0.169252 169.242350
0.177638 0.991134 0.172911 169.838930
0.180955 0.986514 0.179147 169.605871
0.176941 0.985829 0.176978 169.824655
0.184798 0.988693 0.169293 169.412935
0.184798 0.988693 0.169293 169.412935
0.179316 0.985337 0.165841 169.685938
0.171985 0.983947 0.175188 170.085396
0.175760 0.985505 0.177178 169.887904
0.179767 0.989423 0.175839 169.702308
0.185392 0.987239 0.170947 169.364408
0.184443 0.987499 0.173736 169.420326
0.177828 0.987039 0.171787 169.786965
0.172265 0.987753 0.179081 170.107045
0.175589 0.983450 0.176989 169.876866
0.182375 0.987740 0.173209 169.538822
0.174640 0.985485 0.173861 169.950803
0.174572 0.988414 0.173870 169.983781
0.180674 0.984483 0.169337 169.600689
0.181310 0.989483 0.168786 169.616478
0.177951 0.985874 0.170672 169.768240
0.171384 0.986860 0.175944 170.147902
0.174989 0.986362 0.177745 169.939937
0.179774 0.987965 0.173429 169.687071
0.174463 0.984888 0.176083 169.954848
0.182320 0.987752 0.168398 169.542020
0.177296 0.987023 0.172534 169.816739
0.170442 0.985662 0.176323 170.189336
0.180832 0.989455 0.174345 169.642955
0.184846 0.991914 0.170596 169.443837
0.177938 0.990565 0.169574 169.816399
0.171556 0.988915 0.176132 170.158356
0.173746 0.987508 0.175544 170.021266
0.170975 0.985678 0.175576 170.159446
0.185453 0.987544 0.167431 169.364168
0.181549 0.988610 0.168966 169.594116
0.177186 0.983498 0.174748 169.787199
0.171384 0.986860 0.175944 170.147902
0.180313 0.984747 0.176190 169.623769
0.182839 0.992460 0.166553 169.561520
0.183023 0.989823 0.167839 169.524042
0.173324 0.991018 0.174078 170.079609
0.172724 0.993931 0.174834 170.141681
0.184014 0.994242 0.168763 169.514373
0.188041 0.992010 0.166112 169.266624
0.179180 0.991194 0.165858 169.753171
0.173091 0.990433 0.171489 170.086905
0.181646 0.996826 0.165655 169.672648
0.178403 0.993509 0.168836 169.819990
0.183011 0.994515 0.166741 169.573085
0.181775 0.992428 0.168048 169.620663
0.176457 0.992584 0.167193 169.919531
0.171378 0.990093 0.172436 170.179805
0.173385 0.991323 0.170562 170.079151
0.176341 0.990517 0.171816 169.905444
0.181078 0.990673 0.160280 169.641673
0.184266 0.990452 0.164123 169.461067
0.170565 0.986271 0.169291 170.188352
0.176170 0.988462 0.171628 169.894497
0.182778 0.993930 0.164152 169.580035
0.183549 0.993073 0.163584 169.528209
0.170846 0.991852 0.167266 170.226735
0.170675 0.988022 0.172995 170.199226
0.179590 0.992376 0.166226 169.742205
0.185740 0.991666 0.162996 169.391343
0.182259 0.989223 0.165997 169.560650
0.175344 0.989331 0.167385 169.949565
0.173747 0.989283 0.169627 170.038801
0.180190 0.989463 0.165470 169.679011
0.169677 0.983286 0.180399 170.209368
0.174976 0.994604 0.164813 170.022310
0.173801 0.991046 0.168520 170.053089
0.168184 0.991772 0.171003 170.375390
0.178948 0.988834 0.169186 169.742276
0.181365 0.993021 0.161762 169.649596
0.179939 0.996803 0.158275 169.767387
0.172437 0.993358 0.167434 170.152180
0.170142 0.988006 0.173743 170.229054
0.174866 0.991078 0.167026 169.993690
0.183017 0.993057 0.164331 169.557749
0.185318 0.995176 0.161530 169.451427
0.173563 0.991919 0.168341 170.075053
0.172792 0.992777 0.168908 170.126646
0.179529 0.993846 0.163825 169.760476
0.183972 0.989563 0.165050 169.468239
0.175986 0.992873 0.164424 169.948753
0.171256 0.993034 0.167634 170.215180
0.169603 0.991223 0.170982 170.290411
0.175153 0.993426 0.168508 170.000798
0.180287 0.995905 0.168076 169.738959
0.181004 0.995060 0.162698 169.690490
0.175331 0.994023 0.166287 169.996758
0.176696 0.993486 0.161456 169.915136
0.172675 0.992485 0.167614 170.130305
0.180361 0.991518 0.165658 169.690380
0.180007 0.992099 0.164184 169.716128
0.174456 0.989896 0.166658 170.004991
0.178299 0.988526 0.168639 169.775546
0.175631 0.991679 0.168868 169.956788
0.180942 0.994755 0.166214 169.690826
0.182307 0.992444 0.167300 169.591088
0.174921 0.991066 0.171836 169.990501
0.169248 0.990029 0.175425 170.298888
0.171323 0.988330 0.173543 170.165718
0.177938 0.988790 0.175492 169.798512
0.177767 0.988510 0.169386 169.805274
0.170032 0.984480 0.175956 170.200946
0.170859 0.985385 0.174281 170.163138
0.173521 0.983690 0.176462 169.996081
0.179009 0.989139 0.165670 169.741924
0.171862 0.986888 0.170386 170.121259
0.172695 0.984560 0.172219 170.051363
0.170265 0.983290 0.184462 170.176186
0.179609 0.984451 0.170831 169.660326
0.181255 0.987720 0.169893 169.601431
0.180968 0.985373 0.168410 169.593351
0.167554 0.981764 0.180978 170.314842
0.167254 0.985883 0.172480 170.371476
0.174401 0.986359 0.173682 169.972969
0.168790 0.985626 0.173754 170.282254
0.174408 0.983125 0.177189 169.940306
0.170387 0.983899 0.177430 170.175205
0.168981 0.979757 0.178548 170.214357
0.179070 0.985893 0.173988 169.705438
0.180961 0.986831 0.170820 169.608759
0.181433 0.988317 0.167671 169.597621
0.175344 0.987556 0.173302 169.931881
0.169261 0.985337 0.176523 170.252862
0.167567 0.977073 0.182076 170.268494
0.183194 0.990104 0.173945 169.517380
0.184394 0.984278 0.172433 169.389213
0.174818 0.986082 0.171640 169.946763
0.170216 0.980069 0.183159 170.147276
0.185508 0.987531 0.172242 169.360973
0.184669 0.989542 0.178735 169.429044
0.191980 0.995307 0.176617 169.082543
0.181761 0.990019 0.190619 169.596717
0.184355 0.993028 0.186891 169.482781
0.193161 0.992081 0.188252 168.982193
0.198111 0.997197 0.186534 168.763482
0.197230 0.992754 0.195232 168.763397
0.199408 0.996039 0.193546 168.679002
0.204780 0.997645 0.193294 168.400374
0.192186 0.998174 0.200681 169.101757
0.200166 0.994548 0.209633 168.620507
0.212331 1.000761 0.197273 168.021237
0.210966 1.003072 0.196187 168.122686
0.197374 0.997092 0.216894 168.803048
0.206529 1.002348 0.204387 168.357417
0.212789 1.005163 0.198944 168.047202
0.215635 1.002607 0.196494 167.862072
0.203825 0.997588 0.204410 168.452402
0.205115 0.999663 0.207915 168.404727
0.213321 1.005179 0.198197 168.018344
0.212679 1.003413 0.195240 168.032938
0.202099 1.001939 0.204260 168.596033
0.202883 0.996391 0.204790 168.490908
0.198678 0.999800 0.203744 168.760714
0.206242 1.000000 0.202904 168.346616
0.207900 0.996803 0.208981 168.218887
0.205477 0.997624 0.206980 168.361758
0.203280 1.002264 0.204060 168.534764
0.203354 0.997877 0.201642 168.481615
0.206064 0.997628 0.211043 168.329457
0.200392 1.000141 0.202797 168.670042
0.210611 1.003653 0.194713 168.148773
0.203354 0.997877 0.201642 168.481615
0.193954 0.996728 0.210462 168.988366
0.197517 0.995101 0.196715 168.773323
0.202370 0.993775 0.192391 168.489808
0.203886 0.999668 0.194977 168.472390
0.191196 0.993756 0.199757 169.109531
0.193135 0.997914 0.197891 169.046469
0.192132 0.998187 0.195870 169.104916
0.198924 0.999244 0.195597 168.741074
0.204664 0.995577 0.197917 168.383368
0.197627 0.998627 0.194502 168.805895
0.191428 0.996115 0.196429 169.121823
0.202070 0.996119 0.189810 168.532740
0.196697 0.990963 0.201897 168.773227
0.202902 0.993791 0.191643 168.460519
0.199585 0.996636 0.191325 168.675793
0.192377 0.994080 0.199557 169.047378
0.195749 0.992998 0.198769 168.848332
0.203428 0.995265 0.193306 168.448088
0.202828 0.999953 0.188144 168.533809
0.203135 0.996151 0.188315 168.474285
0.197230 0.992754 0.195232 168.763397
0.189427 0.989878 0.207728 169.166605
0.200582 0.997821 0.195756 168.633873
0.199640 0.994849 0.202053 168.652959
0.196097 0.993875 0.202653 168.838595
0.196978 0.994769 0.205790 168.799538
0.207129 0.999435 0.203631 168.291425
0.214453 1.000508 0.202611 167.902013
0.207306 1.000032 0.201410 168.288472
0.210849 0.999230 0.206727 168.084714
0.210010 1.001241 0.213221 168.153950
0.214734 1.002539 0.212421 167.910468
0.219048 1.002655 0.211254 167.676321
0.223656 1.003660 0.209159 167.437448
0.220503 1.008243 0.217356 167.663616
0.218667 1.009068 0.219418 167.772936
0.228721 1.005518 0.220571 167.185184
0.229657 1.008174 0.222601 167.167269
0.238702 1.008129 0.218224 166.679003
0.235262 1.010365 0.224938 166.892325
0.231119 1.010529 0.232211 167.117423
0.233719 1.010304 0.231991 166.974575
0.242928 1.013773 0.230212 166.524426
0.249236 1.018035 0.231990 166.243366
0.249659 1.014525 0.233455 166.175084
0.244451 1.014658 0.242223 166.454450
0.248575 1.018868 0.242179 166.289301
0.248513 1.018563 0.245695 166.288619
0.261510 1.018899 0.247004 165.605189
0.265573 1.024579 0.244559 165.468624
0.258842 1.020277 0.253150 165.764534
0.265040 1.021013 0.257141 165.448037
0.267108 1.020773 0.257668 165.336046
0.278563 1.024598 0.254195 164.790304
0.277902 1.027206 0.258467 164.861518
0.276127 1.026561 0.262930 164.944777
0.272816 1.026172 0.266119 165.111844
0.279069 1.028672 0.269004 164.821497
0.285929 1.026800 0.268722 164.439264
0.294141 1.027308 0.268429 164.022399
0.292592 1.030481 0.271975 164.148759
0.289637 1.029512 0.276638 164.286901
0.288033 1.030922 0.281290 164.389981
0.301446 1.030981 0.280556 163.701725
0.306525 1.029922 0.287148 163.425978
0.300442 1.025928 0.296287 163.677376
0.302662 1.035667 0.292396 163.709580
0.311945 1.032974 0.294116 163.196337
0.318444 1.034917 0.288853 162.896860
0.313242 1.031816 0.301129 163.112576
0.317544 1.036623 0.298863 162.968864
0.313701 1.036219 0.302800 163.157057
0.317543 1.034848 0.304781 162.941356
0.329060 1.038978 0.297791 162.426237
0.332896 1.039066 0.302182 162.235568
0.329469 1.038385 0.304076 162.396277
0.324677 1.038241 0.310802 162.634548
0.335852 1.038260 0.303436 162.074879
0.340446 1.042182 0.306161 161.909489
0.338739 1.038608 0.310616 161.936397
0.335496 1.035291 0.313796 162.044565
0.330514 1.037466 0.327563 162.329260
0.343744 1.041936 0.319626 161.741834
0.349887 1.044460 0.312888 161.479477
0.347758 1.044396 0.315878 161.583527
0.343285 1.033984 0.329790 161.633705
0.356918 1.041094 0.324630 161.076753
0.353649 1.045384 0.331532 161.309532
0.359929 1.042051 0.324778 160.944883
0.358509 1.039050 0.336633 160.963778
0.355724 1.041911 0.335567 161.149325
0.353123 1.042135 0.335787 161.281265
0.365936 1.043332 0.341727 160.672288
0.367527 1.043063 0.347812 160.589920
0.378353 1.042205 0.336562 160.047542
0.377814 1.043647 0.339719 160.099097
0.368414 1.042498 0.348539 160.536822
0.369411 1.040134 0.364805 160.447153
0.382114 1.043129 0.355206 159.881440
0.392033 1.047211 0.350458 159.476139
0.381337 1.045445 0.358183 159.960046
0.381098 1.044543 0.363921 159.955692
0.382879 1.041955 0.362966 159.823545
0.389310 1.045052 0.363628 159.568288
0.399174 1.047370 0.359987 159.137156
0.391555 1.045408 0.361934 159.466660
0.394682 1.044883 0.369293 159.307021
0.407140 1.048435 0.367841 158.777248
0.396211 1.044309 0.378895 159.223246
0.402593 1.044184 0.378254 158.915465
0.403058 1.047129 0.377516 158.947418
0.407208 1.041956 0.379668 158.653918
0.412225 1.040594 0.389776 158.389306
0.416116 1.045994 0.381225 158.306389
0.419537 1.048133 0.381741 158.185227
0.421960 1.045536 0.389659 158.021879
0.417823 1.042468 0.400440 158.159000
0.427687 1.046561 0.390881 157.772162
0.437612 1.047410 0.389641 157.324619
0.433592 1.048183 0.389882 157.527062
0.428519 1.040684 0.404550 157.619757
0.434001 1.045815 0.402084 157.462109
0.437796 1.044774 0.390927 157.264634
0.443817 1.044913 0.397140 156.987098
0.448657 1.042953 0.409469 156.723634
0.444704 1.042573 0.403784 156.899581
0.442868 1.041624 0.411764 156.966220
0.448473 1.045589 0.408183 156.784603
0.461879 1.043557 0.421694 156.125765
0.467962 1.047550 0.412556 155.928725
0.462289 1.044738 0.422062 156.130961
0.470740 1.044373 0.421949 155.737047
0.474043 1.042670 0.433004 155.551363
0.487757 1.042160 0.428934 154.919221
0.487818 1.040689 0.431335 154.885385
0.482365 1.043153 0.442333 155.183688
0.492064 1.040184 0.442011 154.683268
0.498201 1.040616 0.449518 154.416940
0.508611 1.038259 0.446227 153.901216
0.512734 1.040694 0.452101 153.771240
0.506761 1.038451 0.464944 153.987753
0.503928 1.036316 0.468492 154.067789
0.517690 1.039027 0.465725 153.515449
0.527041 1.033405 0.467437 152.978239
0.527279 1.030757 0.473534 152.908174
0.532058 1.033817 0.471628 152.767206
0.530993 1.032010 0.479040 152.773134
0.537553 1.030707 0.482095 152.456261
0.541524 1.023163 0.492386 152.109291
0.546003 1.028567 0.487899 152.038904
0.554154 1.026996 0.497040 151.649272
0.554869 1.020825 0.509413 151.473716
0.563204 1.021943 0.502088 151.140341
0.574898 1.023119 0.504711 150.668073
0.576556 1.021697 0.504870 150.563429
0.572726 1.014826 0.515822 150.561421
0.578085 1.019349 0.520389 150.441892
0.592808 1.015333 0.521848 149.721219
0.585203 1.010454 0.518976 149.922778
0.600978 1.005837 0.535595 149.142087
0.602159 1.006161 0.535395 149.100681
0.606650 1.005099 0.537923 148.885969
0.613571 0.999982 0.545960 148.467464
0.622028 0.998159 0.543437 148.069833
0.633551 0.997280 0.545872 147.573075
0.632615 0.992849 0.549760 147.495887
0.630369 0.990718 0.557372 147.532425
0.633263 0.989608 0.562142 147.384280
0.647864 0.986758 0.564716 146.712778
0.657870 0.979986 0.564565 146.126346
0.662703 0.981260 0.573387 145.966503
0.651725 0.973913 0.583137 146.210254
0.663438 0.968940 0.584449 145.600354
0.674667 0.968947 0.581894 145.150932
0.680565 0.970252 0.589221 144.952980
0.678865 0.965221 0.591266 144.880279
0.678210 0.966370 0.593129 144.938385
0.677090 0.964576 0.595730 144.932818
0.692168 0.958204 0.604581 144.157168
0.699941 0.948160 0.601305 143.564881
0.700283 0.950495 0.607598 143.618847
0.706317 0.947718 0.608991 143.303522
0.703716 0.944393 0.621047 143.308309
0.710343 0.940162 0.624093 142.926970
0.724828 0.938794 0.619455 142.328851
0.716261 0.937092 0.624192 142.607725
0.712534 0.936980 0.629423 142.748540
0.720942 0.928386 0.637431 142.168704
0.731468 0.928097 0.629517 141.757021
0.732710 0.926951 0.631719 141.675315
0.734540 0.927583 0.632066 141.624812
0.726198 0.926149 0.647719 141.899832
0.744245 0.917831 0.647087 140.962307
0.735030 0.915820 0.651276 141.249773
0.752238 0.913063 0.645302 140.516192
0.746742 0.910848 0.652587 140.653991
0.747459 0.908227 0.653126 140.546092
0.757090 0.906411 0.658730 140.129313
0.762065 0.902144 0.659208 139.811323
0.764966 0.899576 0.661568 139.623389
0.761068 0.897409 0.666611 139.699620
0.765627 0.893418 0.669131 139.404602
0.765334 0.892529 0.670058 139.387265
0.779299 0.886454 0.667265 138.680672
0.784390 0.882479 0.669037 138.367753
0.780015 0.882059 0.673721 138.513296
0.779605 0.879102 0.679271 138.432760
0.790785 0.874113 0.681330 137.865256
0.792928 0.869486 0.679438 137.636743
0.800033 0.863508 0.682844 137.185150
0.799978 0.859970 0.689868 137.069830
0.796306 0.861621 0.693993 137.256038
0.797909 0.858436 0.695259 137.092780
0.806263 0.849854 0.698456 136.507728
0.813184 0.846512 0.700576 136.150369
0.821238 0.842048 0.695275 135.716811
0.818528 0.838747 0.697709 135.699000
0.810896 0.839701 0.704475 135.999774
0.812684 0.832105 0.712944 135.676501
0.824574 0.827729 0.712034 135.109404
0.834341 0.821831 0.711704 134.567216
0.826648 0.824255 0.716069 134.916938
0.829249 0.822256 0.721766 134.757379
0.834695 0.817700 0.725013 134.410709
0.837793 0.809579 0.723840 134.018808
0.848631 0.802255 0.719605 133.390867
0.843014 0.801205 0.728005 133.543428
0.850638 0.798160 0.735483 133.176987
0.853148 0.790035 0.730246 132.800389
0.863025 0.785887 0.733620 132.321597
0.851864 0.779402 0.748002 132.456560
0.863141 0.784405 0.740832 132.263913
0.862218 0.775283 0.745818 131.960996
0.862989 0.774425 0.745250 131.904014
0.870865 0.767590 0.748088 131.393282
0.874899 0.760350 0.754863 130.992990
0.877096 0.755710 0.757782 130.748357
0.885995 0.744228 0.755413 130.029953
0.887647 0.744264 0.757982 129.978754
0.885291 0.740382 0.761890 129.906212
0.890212 0.734352 0.763474 129.519827
0.894723 0.727140 0.764690 129.100712
0.904490 0.721242 0.764360 128.568924
0.897043 0.721335 0.766495 128.803639
0.900659 0.714371 0.775312 128.420205
0.900672 0.709680 0.776409 128.236151
0.905415 0.703053 0.780215 127.829257
0.912888 0.693578 0.780276 127.226178
0.918751 0.690520 0.775563 126.928004
0.922442 0.679170 0.781962 126.363244
0.920661 0.679983 0.788835 126.448896
0.920803 0.670893 0.792325 126.076924
0.920399 0.668253 0.789548 125.981406
0.933900 0.657459 0.793411 125.145279
0.940363 0.649714 0.793860 124.641322
0.939133 0.644394 0.798674 124.456285
0.936777 0.640512 0.802582 124.361965
0.943424 0.631906 0.798399 123.814189
0.943266 0.623385 0.805226 123.459870
0.949245 0.618845 0.807726 123.101685
0.953407 0.610756 0.805058 122.643757
0.948273 0.604727 0.817325 122.526203
0.944308 0.607263 0.816459 122.744151
0.951071 0.597175 0.819489 122.124589
0.953807 0.591093 0.819251 121.787303
0.963539 0.577282 0.818715 120.926983
0.966385 0.574726 0.816265 120.740710
0.967953 0.563629 0.817325 120.211802
0.967004 0.562114 0.826032 120.169217
0.962641 0.558778 0.825896 120.133573
0.967084 0.554494 0.827121 119.828542
0.972960 0.544971 0.829424 119.253908
0.981804 0.531726 0.828161 118.439090
0.981462 0.527615 0.827785 118.261620
0.981775 0.520580 0.831463 117.934492
0.986757 0.514855 0.829531 117.553953
0.982510 0.510035 0.836608 117.434480
0.993339 0.483641 0.840280 115.960729
0.984520 0.487504 0.843739 116.343186
0.989166 0.472660 0.850856 115.540188
0.989896 0.467124 0.846575 115.262238
0.996959 0.456466 0.846268 114.601092
1.000705 0.448654 0.845643 114.148498
1.000950 0.446322 0.843412 114.032025
1.001673 0.440469 0.847459 113.736694
0.998259 0.435097 0.850451 113.550254
0.998456 0.427769 0.852835 113.191793
0.993977 0.420590 0.863240 112.935115
1.001695 0.410558 0.855153 112.286931
1.008513 0.404007 0.851158 111.830900
1.005509 0.399817 0.854519 111.684088
0.997903 0.389613 0.869398 111.327272
1.010529 0.380018 0.855880 110.609179
1.012630 0.368936 0.856193 110.018443
1.011700 0.363047 0.857671 109.740448
1.001604 0.356594 0.870558 109.596882
1.006170 0.352920 0.864750 109.328609
1.008790 0.346546 0.863218 108.958934
1.013265 0.333197 0.858312 108.202651
1.011632 0.323461 0.866266 107.731260
1.014123 0.321486 0.862341 107.589079
1.016333 0.313930 0.860441 107.165134
1.007282 0.315433 0.867228 107.388085
1.010412 0.294696 0.871758 106.259834
1.017353 0.288755 0.860731 105.845513
1.015004 0.283415 0.862229 105.601079
1.008915 0.282654 0.867860 105.650556
1.008292 0.269413 0.881343 104.959806
1.012883 0.259906 0.865897 104.391611
1.017749 0.253888 0.862670 104.007160
1.019072 0.245123 0.865961 103.524719
1.015694 0.247663 0.869159 103.703373
1.008750 0.236626 0.873849 103.201399
1.009908 0.226122 0.868624 102.620565
1.013312 0.214199 0.867622 101.935760
1.011886 0.216206 0.870052 102.060834
1.013932 0.205137 0.865554 101.437593
1.012047 0.200966 0.872231 101.231353
1.011008 0.193327 0.870003 100.825507
1.007087 0.178556 0.875939 100.054014
1.006771 0.166838 0.871841 99.409296
1.007746 0.157195 0.871247 98.865915
1.006426 0.143974 0.871045 98.141207
1.005887 0.147191 0.868285 98.325001
1.007571 0.138161 0.864723 97.807877
1.004396 0.131916 0.867895 97.482304
0.999569 0.122085 0.880332 96.963456
1.007061 0.110009 0.867246 96.234157
1.005177 0.109389 0.862088 96.210793
1.004935 0.091509 0.861489 95.202981
1.002231 0.084975 0.867430 94.846274
1.001411 0.082611 0.866694 94.715927
0.997881 0.076947 0.868392 94.409357
1.001750 0.069743 0.860734 93.982597
0.996736 0.047345 0.859631 92.719510
0.995855 0.046452 0.856495 92.670633
0.993689 0.038476 0.859279 92.217378
0.994051 0.036436 0.858343 92.099204
0.987749 0.028941 0.860073 91.678299
0.985568 0.008678 0.855422 90.504485
0.987594 0.003758 0.852236 90.218037
0.986910 -0.004462 0.851483 89.740935
0.983073 -0.006325 0.853010 89.631369
0.975633 -0.007690 0.852735 89.548379
0.973481 -0.018583 0.850700 88.906394
0.975055 -0.031139 0.849350 88.170856
0.977817 -0.044828 0.845391 87.375103
0.969702 -0.040669 0.854208 87.598428
0.967269 -0.055368 0.848280 86.723891
0.965643 -0.064786 0.847907 86.161705
0.961258 -0.077177 0.836829 85.409728
0.958144 -0.083118 0.836484 85.042081
0.958928 -0.086891 0.831097 84.822392
0.955521 -0.095497 0.837597 84.292694
0.948338 -0.103885 0.836190 83.748499
0.946063 -0.115387 0.841187 83.046244
0.947428 -0.115924 0.836356 83.024176
0.943453 -0.127132 0.825645 82.325492
0.942311 -0.139756 0.823221 81.563847
0.936283 -0.141987 0.831254 81.376816
0.930343 -0.149746 0.826130 80.856195
0.924783 -0.165694 0.818760 79.842032
0.920427 -0.172264 0.822132 79.399327
0.916739 -0.181126 0.812904 78.823680
0.912541 -0.180949 0.815367 78.784234
0.916558 -0.198701 0.808789 77.768122
0.910237 -0.198271 0.805913 77.711566
0.904920 -0.199890 0.810977 77.543841
0.901696 -0.207581 0.806928 77.035707
0.905920 -0.213591 0.794827 76.733546
0.900470 -0.229563 0.797078 75.697853
0.898415 -0.232239 0.791732 75.506405
0.897631 -0.228465 0.797119 75.720279
0.887199 -0.236937 0.795385 75.047442
0.886583 -0.248086 0.794623 74.367152
0.884369 -0.255734 0.784269 73.871678
0.884259 -0.259259 0.786482 73.659195
0.873453 -0.261001 0.784586 73.363071
0.869649 -0.273704 0.785898 72.529664
0.865183 -0.280250 0.779648 72.051838
0.866322 -0.284605 0.775735 71.813589
0.860970 -0.290585 0.768759 71.349979
0.858901 -0.292120 0.774149 71.216391
0.855407 -0.289872 0.776052 71.280011
0.849069 -0.303504 0.771659 70.330300
0.841361 -0.311592 0.762672 69.678259
0.841038 -0.321852 0.760984 69.058955
0.843878 -0.321175 0.755026 69.163482
0.839748 -0.325702 0.763397 68.800881
0.829664 -0.331522 0.759629 68.219071
0.823075 -0.341364 0.759876 67.474131
0.821872 -0.348968 0.743216 66.993879
0.818603 -0.344677 0.750119 67.166240
0.816035 -0.353518 0.744207 66.577040
0.807358 -0.358746 0.751157 66.042261
0.804600 -0.361718 0.740452 65.793108
0.803458 -0.372566 0.732111 65.122669
0.803054 -0.375206 0.729333 64.956888
0.794065 -0.373399 0.732603 64.815348
0.792267 -0.384872 0.732042 64.090170
0.785017 -0.388557 0.724726 63.666137
0.782655 -0.389206 0.725126 63.559339
0.782449 -0.395624 0.712898 63.177827
0.774947 -0.397294 0.716139 62.857055
0.768984 -0.415882 0.705991 61.594612
0.772356 -0.416964 0.705203 61.637194
0.762608 -0.417215 0.704222 61.317390
0.756000 -0.420908 0.705781 60.892824
0.750169 -0.425142 0.698445 60.458562
0.745445 -0.428215 0.705162 60.125166
0.745662 -0.436367 0.688482 59.663521
0.743416 -0.436723 0.690176 59.567708
0.737150 -0.436306 0.692111 59.379463
0.731503 -0.444951 0.691979 58.689138
0.732820 -0.446934 0.679927 58.621736
0.726457 -0.451184 0.673338 58.156664
0.722217 -0.455686 0.672087 57.749946
0.719432 -0.456375 0.682856 57.610818
0.711985 -0.452733 0.673156 57.548806
0.713492 -0.460585 0.665898 57.156321
0.709353 -0.477082 0.658507 56.076836
0.700021 -0.479384 0.661401 55.596094
0.699018 -0.479112 0.659380 55.572967
0.694252 -0.483314 0.650549 55.155724
0.687802 -0.480260 0.651198 55.075174
0.678864 -0.493668 0.647025 53.975442
0.681723 -0.497366 0.633838 53.886564
0.674618 -0.494938 0.642267 53.734124
0.669839 -0.496223 0.638255 53.468610
0.660998 -0.503189 0.636689 52.719558
0.658907 -0.512002 0.625220 52.151103
0.658211 -0.513757 0.617452 52.026704
0.652593 -0.513031 0.619934 51.827605
0.649392 -0.511669 0.626828 51.764716
0.639622 -0.520974 0.614904 50.837072
0.629116 -0.521509 0.603754 50.342766
0.628664 -0.527370 0.599673 50.007572
0.622808 -0.527546 0.607893 49.733883
0.620752 -0.531997 0.608464 49.402756
0.614615 -0.532429 0.600957 49.098264
0.608988 -0.543674 0.587678 48.243150
0.601028 -0.547971 0.583331 47.643837
0.598995 -0.541594 0.588927 47.881059
0.591377 -0.541781 0.584956 47.506133
0.584611 -0.548671 0.575590 46.816437
0.578848 -0.557608 0.574162 46.070724
0.574902 -0.559446 0.566067 45.780626
0.562144 -0.560655 0.564938 45.075979
0.552770 -0.565862 0.558202 44.329498
0.550380 -0.572331 0.544152 43.879886
0.550954 -0.567636 0.547118 44.145585
0.543117 -0.573100 0.541656 43.461326
0.530945 -0.574305 0.544590 42.753435
0.527184 -0.577004 0.531864 42.416594
0.519769 -0.582427 0.516033 41.746323
0.517188 -0.588352 0.514941 41.316909
0.505133 -0.589265 0.519171 40.604024
0.498334 -0.585313 0.510018 40.410985
0.490319 -0.589599 0.500860 39.747422
0.489910 -0.590781 0.500493 39.667490
0.475825 -0.601977 0.495654 38.324182
0.474700 -0.596989 0.482913 38.490207
0.472399 -0.599108 0.485714 38.255922
0.465478 -0.595766 0.483594 38.000861
0.461067 -0.598774 0.470320 37.596965
0.452758 -0.605724 0.468006 36.776909
0.449632 -0.605198 0.460647 36.610505
0.443127 -0.603908 0.462402 36.269965
0.434302 -0.600362 0.474188 35.881988
0.432014 -0.603622 0.466252 35.591410
0.423651 -0.607010 0.447293 34.912382
0.418292 -0.609758 0.436808 34.450008
0.410893 -0.608219 0.446164 34.041688
0.412442 -0.607842 0.430784 34.158273
0.397425 -0.606491 0.436169 33.236286
0.387349 -0.610219 0.418157 32.406154
0.380611 -0.611288 0.423241 31.907962
0.376065 -0.608439 0.409984 31.719480
0.377062 -0.609028 0.420333 31.762510
0.366379 -0.610160 0.411404 30.983249
0.355702 -0.616301 0.411900 29.991629
0.349339 -0.615226 0.387559 29.588886
0.340773 -0.613378 0.380460 29.055101
0.338985 -0.609332 0.383826 29.088169
0.321912 -0.612431 0.389782 27.727779
0.316479 -0.607242 0.369881 27.527391
0.312301 -0.609665 0.359196 27.123799
0.309926 -0.609172 0.370333 26.965422
0.296826 -0.610941 0.356993 25.912801
0.294383 -0.603970 0.286304 25.985238
0.277986 -0.605494 0.329498 24.660140
0.278102 -0.605202 0.330793 24.679713
0.261666 -0.601527 0.330281 23.509164
0.253864 -0.599078 0.325025 22.965154
0.247372 -0.598929 0.316043 22.441792
0.244881 -0.596954 0.319968 22.304297
0.236492 -0.592734 0.304730 21.751254
0.232416 -0.593723 0.306077 21.378166
0.227031 -0.590638 0.305232 21.025930
0.215577 -0.592688 0.302788 19.987704
0.214696 -0.591806 0.293734 19.939813
0.207494 -0.588720 0.275886 19.415022
0.199857 -0.584533 0.279145 18.876016
0.189809 -0.585990 0.287418 17.947721
0.183530 -0.575557 0.270503 17.686140
0.181010 -0.579402 0.259978 17.349274
0.168191 -0.575591 0.244613 16.288706
0.157666 -0.573526 0.246609 15.371244
0.150377 -0.564912 0.241917 14.906206
0.145899 -0.564992 0.228652 14.479271
0.136922 -0.564325 0.221185 13.638130
0.122731 -0.560294 0.218979 12.355410
0.116562 -0.549885 0.211686 11.968167
0.108160 -0.544523 0.207185 11.234601
0.106686 -0.543962 0.202394 11.096417
0.089833 -0.538236 0.198007 9.475489
0.088298 -0.532654 0.178980 9.412289
0.080660 -0.526692 0.176322 8.706913
0.072326 -0.524259 0.171812 7.854845
0.067937 -0.521763 0.181316 7.418596
0.054683 -0.511526 0.169305 6.101806
0.050246 -0.505151 0.153835 5.680417
0.044452 -0.499697 0.140787 5.083492
0.040828 -0.496601 0.152132 4.699987
0.028638 -0.488106 0.144544 3.357761
0.017622 -0.477829 0.139166 2.112089
0.014380 -0.475821 0.124594 1.730999
0.006333 -0.469266 0.115650 0.773149
0.002667 -0.470848 0.123282 0.324528
-0.003134 -0.462161 0.106727 359.611456
-0.014627 -0.451912 0.106906 358.146112
-0.019548 -0.445883 0.105322 357.489692
-0.022087 -0.443578 0.096109 357.149419
-0.038140 -0.429339 0.093769 354.923540
-0.040576 -0.423826 0.090670 354.531358
-0.045777 -0.418052 0.073358 353.751014
-0.045599 -0.419230 0.077054 353.792392
-0.051059 -0.411758 0.078627 352.931292
-0.059522 -0.408476 0.083560 351.709310
-0.061603 -0.399994 0.070100 351.244650
-0.066456 -0.395118 0.062590 350.452624
-0.065923 -0.393327 0.055925 350.485407
-0.071738 -0.385274 0.056023 349.452355
-0.073115 -0.380045 0.059757 349.110139
-0.077087 -0.374276 0.055383 348.361881
-0.078972 -0.374897 0.050225 348.104602
-0.088151 -0.363670 0.036867 346.374688
-0.087338 -0.359848 0.040012 346.357644
-0.093495 -0.357680 0.045652 345.351120
-0.099051 -0.353100 0.032783 344.330290
-0.105685 -0.349186 0.038063 343.161003
-0.099621 -0.337267 0.024319 343.544010
-0.107901 -0.334847 0.024621 342.138991
-0.110924 -0.332887 0.029293 341.570943
-0.115613 -0.324498 0.024381 340.389947
-0.116145 -0.319189 0.007376 340.004865
-0.119249 -0.307835 0.005041 338.824722
-0.123582 -0.301801 0.007520 337.731824
-0.129029 -0.299020 0.010191 336.659603
-0.134714 -0.295366 0.012682 335.482680
-0.134727 -0.287125 -0.000251 334.862816
-0.139360 -0.275198 -0.012187 333.142431
-0.140541 -0.277297 -0.006070 333.123024
-0.145303 -0.266296 -0.002646 331.381052
-0.147672 -0.263711 -0.005754 330.752279
-0.153957 -0.251820 -0.020259 328.559352
-0.156344 -0.243086 -0.022055 327.252287
-0.157709 -0.240774 -0.023141 326.774839
-0.160868 -0.229408 -0.030287 324.960674
-0.168396 -0.223470 -0.023324 323.000177
-0.167411 -0.214043 -0.031825 321.969687
-0.170092 -0.204424 -0.038611 320.237586
-0.174706 -0.202196 -0.040025 319.171474
-0.177436 -0.201122 -0.030362 318.580225
-0.182289 -0.196246 -0.037872 317.111560
-0.181140 -0.181531 -0.049693 315.061715
-0.188148 -0.169111 -0.050493 311.949717
-0.191301 -0.162753 -0.048213 310.390076
-0.191969 -0.156911 -0.047449 309.261899
-0.193169 -0.147536 -0.057772 307.371510
-0.195360 -0.147905 -0.051266 307.129018
-0.195330 -0.133210 -0.066403 304.292883
-0.201138 -0.128390 -0.062797 302.550729
-0.202687 -0.125217 -0.059252 301.707083
-0.202174 -0.117276 -0.064605 300.117000
-0.200644 -0.112525 -0.072756 299.284464
-0.206875 -0.102420 -0.076533 296.339262
-0.210040 -0.093146 -0.069434 293.915683
-0.213247 -0.086775 -0.071965 292.142585
-0.216632 -0.082777 -0.066358 290.912298
-0.211046 -0.067337 -0.086378 287.695937
-0.215447 -0.056600 -0.089808 284.719451
-0.221549 -0.052669 -0.085275 283.372770
-0.222530 -0.041568 -0.082271 280.580731
-0.221777 -0.030951 -0.099280 277.944781
-0.225188 -0.015795 -0.101785 274.012204
-0.224620 -0.006092 -0.108245 271.553463
-0.229786 0.000495 -0.101681 269.876586
-0.231573 0.004541 -0.098316 268.876532
-0.231757 0.007177 -0.099602 268.226130
-0.230731 0.023058 -0.110308 264.293002
-0.231637 0.029773 -0.109723 262.675781
-0.233664 0.036468 -0.112454 261.129459
-0.233273 0.045574 -0.116692 258.945513
-0.233751 0.043771 -0.105216 259.393955
-0.238917 0.050357 -0.098653 258.097783
-0.238239 0.065361 -0.113243 254.658312
-0.234592 0.073093 -0.119563 252.694300
-0.242640 0.074323 -0.110755 252.969578
-0.242788 0.083097 -0.105918 251.105948
-0.238610 0.090845 -0.112986 249.156887
-0.239364 0.107539 -0.116818 245.807102
-0.238393 0.121657 -0.126417 242.963768
-0.237689 0.123728 -0.126976 242.500934
-0.242329 0.133564 -0.124668 241.137879
-0.243836 0.141416 -0.117410 239.887836
-0.240926 0.157918 -0.122957 236.756649
-0.245895 0.157177 -0.114010 237.413159
-0.242900 0.186587 -0.123966 232.469896
-0.241457 0.200416 -0.130796 230.306406
-0.238534 0.212226 -0.135246 228.340118
-0.238473 0.210756 -0.132845 228.530558
-0.237582 0.227169 -0.125781 226.283496
-0.239199 0.235046 -0.128145 225.501695
-0.239127 0.252645 -0.133651 223.425411
-0.238376 0.256163 -0.126990 222.940135
-0.233916 0.267716 -0.130165 221.145220
-0.236181 0.273509 -0.127158 220.811322
-0.235100 0.287603 -0.127136 219.264158
-0.231167 0.297683 -0.131973 217.831269
-0.230408 0.301517 -0.133639 217.385783
-0.225436 0.319236 -0.136249 215.228721
-0.229647 0.322329 -0.128968 215.468402
-0.230860 0.331070 -0.122636 214.888618
-0.225220 0.342948 -0.126011 213.293546
-0.217375 0.350504 -0.134794 211.806361
-0.217195 0.368079 -0.130679 210.543848
-0.220825 0.374409 -0.122841 210.531927
-0.219450 0.389392 -0.123745 209.404349
-0.213503 0.397468 -0.126949 208.242820
-0.207650 0.417856 -0.132341 206.424680
-0.209321 0.422194 -0.127680 206.371913
-0.210870 0.423592 -0.118218 206.464766
-0.207360 0.435406 -0.118604 205.465825
-0.205127 0.440454 -0.121396 204.972141
-0.194201 0.463016 -0.123703 202.754406
-0.194527 0.472968 -0.122562 202.356838
-0.194253 0.476457 -0.110342 202.180840
-0.193624 0.481140 -0.102566 201.921176
-0.187628 0.494212 -0.110384 200.789324
-0.177638 0.514118 -0.114721 199.061052
-0.178783 0.521706 -0.114316 198.916076
-0.181881 0.526277 -0.101308 199.065154
-0.172146 0.532995 -0.107342 197.899385
-0.168526 0.546559 -0.104023 197.136606
-0.165015 0.558373 -0.104409 196.463908
-0.164618 0.562472 -0.099222 196.313156
-0.159443 0.569630 -0.095941 195.637247
-0.160582 0.573985 -0.092028 195.629853
-0.150421 0.594171 -0.090259 194.206574
-0.141886 0.606714 -0.094782 193.162639
-0.135227 0.627057 -0.076865 192.169637
-0.135408 0.643121 -0.059980 191.889828
-0.122026 0.657571 -0.072334 190.512860
-0.112023 0.671011 -0.069656 189.477968
-0.116393 0.667357 -0.061465 189.893349
-0.108300 0.684234 -0.048388 188.994141
-0.100005 0.695875 -0.047173 188.178005
-0.093067 0.708370 -0.049453 187.484752
-0.090247 0.713422 -0.048182 187.209541
-0.090731 0.716627 -0.046131 187.215728
-0.083971 0.724975 -0.034355 186.606923
-0.083471 0.734057 -0.028971 186.487361
-0.075627 0.739837 -0.031836 185.836563
-0.071981 0.742244 -0.020405 185.539091
-0.062749 0.758316 -0.023076 184.730351
-0.063834 0.762659 -0.014352 184.784444
-0.054228 0.770226 -0.010944 184.027280
-0.045222 0.780705 -0.006780 183.315156
-0.041918 0.784327 -0.013477 183.059240
-0.034216 0.793872 -0.002080 182.467939
-0.032113 0.799769 0.004570 182.299319
-0.030541 0.803875 0.017884 182.175778
-0.022171 0.811129 0.016682 181.565728
-0.009500 0.823191 0.013214 180.661187
-0.006632 0.829689 0.021705 180.457950
-0.008187 0.832545 0.033578 180.563424
0.002061 0.843653 0.034026 179.860043
0.013496 0.853628 0.031864 179.094201
0.028884 0.862207 0.041305 178.081298
0.027035 0.864174 0.054104 178.208136
0.031752 0.866930 0.055714 177.902414
0.032969 0.873392 0.061637 177.838232
0.040758 0.877409 0.059879 177.340376
0.051177 0.887023 0.072350 176.697991
0.062067 0.899898 0.075755 176.054514
0.060005 0.896905 0.078735 176.172502
0.073460 0.903418 0.075798 175.351312
0.066709 0.901715 0.097535 175.768941
0.084931 0.915980 0.091593 174.702623
0.088399 0.921340 0.093412 174.519454
0.093288 0.924376 0.101128 174.237251
0.086489 0.923002 0.109727 174.646806
0.113373 0.938311 0.125325 173.110534
0.121394 0.941139 0.132074 172.650185
0.119968 0.943146 0.134504 172.750905
0.127554 0.954174 0.138688 172.385836
0.129774 0.960363 0.146633 172.304237
0.139473 0.953844 0.158146 171.681058
0.142280 0.963587 0.158319 171.600579
0.157565 0.970732 0.155728 170.780403
0.162269 0.976405 0.162158 170.564211
0.163982 0.973195 0.173045 170.435556
0.171759 0.980129 0.176106 170.060363
0.186353 0.980512 0.175173 169.238893
0.188266 0.990503 0.182946 169.238088
0.190676 0.992598 0.189767 169.126040
0.192745 0.990583 0.196212 168.989144
0.197291 0.991283 0.197634 168.743747
0.202950 0.995237 0.198864 168.474170
0.217996 0.999706 0.207929 167.698625
0.219690 1.004421 0.214211 167.662378
0.219922 1.003231 0.222718 167.635542
0.233036 1.005634 0.219403 166.953122
0.235849 1.010368 0.229002 166.860790
0.250130 1.016012 0.230307 166.169480
0.254315 1.016977 0.238582 165.959996
0.255428 1.018455 0.244308 165.920638
0.254828 1.019592 0.250981 165.967468
0.271832 1.022070 0.256868 165.106264
0.282522 1.023520 0.257470 164.568888
0.287117 1.027441 0.260195 164.387052
0.288462 1.029504 0.268511 164.347372
0.284264 1.027906 0.276890 164.541375
0.299310 1.034150 0.280038 163.858168
0.313372 1.034517 0.279852 163.147586
0.318860 1.034640 0.286811 162.871501
0.311645 1.031768 0.303371 163.193085
0.323326 1.037636 0.304896 162.693053
0.331702 1.039883 0.313118 162.308348
0.343573 1.041656 0.313520 161.745727
0.352965 1.040714 0.318945 161.265264
0.344160 1.039885 0.323501 161.687550
0.358092 1.041101 0.332757 161.019071
0.368121 1.043384 0.343549 160.566432
0.378865 1.044821 0.348961 160.068709
0.382579 1.044299 0.360385 159.879693
0.392197 1.045400 0.370808 159.435666
0.408976 1.045835 0.371697 158.641902
0.420505 1.043498 0.371722 158.051733
0.415413 1.045698 0.375867 158.334090
0.423851 1.046474 0.386491 157.950697
0.431346 1.046052 0.397494 157.590900
0.435831 1.046448 0.402432 157.388959
0.450486 1.045361 0.403899 156.686926
0.458998 1.043525 0.406187 156.257536
0.458227 1.042608 0.412672 156.274474
0.464302 1.042735 0.423696 155.997848
0.478125 1.042201 0.429247 155.355992
0.478358 1.042785 0.431837 155.357626
0.497327 1.040039 0.438054 154.443754
0.499321 1.042410 0.446917 154.405294
0.505942 1.037862 0.458291 154.011484
0.513163 1.032177 0.462992 153.565009
0.518951 1.031731 0.466615 153.298021
0.537498 1.032495 0.471367 152.499323
0.538140 1.032486 0.480241 152.471111
0.538317 1.029533 0.489854 152.396052
0.549020 1.026291 0.491554 151.855199
0.559429 1.022160 0.494181 151.308057
0.574427 1.023408 0.501942 150.695023
0.571709 1.019790 0.512703 150.724367
0.576023 1.018131 0.517453 150.500317
0.589082 1.018771 0.515245 149.962300
0.600617 1.011426 0.524695 149.296814
0.606308 1.002764 0.531629 148.841274
0.605237 1.004190 0.535534 148.922135
0.616985 1.003579 0.548885 148.417447
0.624793 0.999673 0.551732 147.994694
0.641598 0.988950 0.560734 147.025841
0.650819 0.987727 0.560053 146.618869
0.655317 0.981657 0.572006 146.274422
0.659760 0.977374 0.573231 145.979327
0.664564 0.967502 0.585356 145.515329
0.680762 0.964700 0.585688 144.790427
0.688803 0.961378 0.591124 144.379354
0.689280 0.957856 0.597401 144.260927
0.683717 0.958569 0.604694 144.500933
0.711866 0.944596 0.624270 142.997609
0.721162 0.938987 0.621170 142.474952
0.719271 0.938049 0.624339 142.519967
0.724185 0.931703 0.634250 142.143122
0.728628 0.925645 0.641393 141.791680
0.735439 0.918777 0.645726 141.324310
0.735610 0.917282 0.657749 141.272300
0.756313 0.912277 0.649873 140.339962
0.750182 0.905062 0.657708 140.345572
0.756215 0.900510 0.665018 139.977692
0.773136 0.891855 0.669397 139.078467
0.777102 0.891094 0.664345 138.909087
0.787114 0.879314 0.673620 138.166841
0.786116 0.874578 0.681023 138.049157
0.785235 0.870135 0.689721 137.935995
0.792156 0.866793 0.691841 137.576032
0.805228 0.862742 0.690731 136.974870
0.812829 0.847093 0.699102 136.182501
0.814078 0.842713 0.704811 135.990191
0.817401 0.836636 0.708637 135.666248
0.829892 0.829347 0.706971 134.981196
0.836348 0.821286 0.715747 134.479393
0.842462 0.810889 0.718229 133.905977
0.841588 0.804988 0.724518 133.726636
0.844598 0.804170 0.730582 133.595374
0.843717 0.801502 0.733363 133.530144
0.852554 0.786164 0.746345 132.680028
0.866116 0.779225 0.734857 131.976979
0.873863 0.775013 0.741220 131.569225
0.872518 0.769400 0.744740 131.406382
0.867200 0.767782 0.749803 131.520325
0.870830 0.757902 0.753800 131.033774
0.881362 0.752605 0.755312 130.494410
0.890009 0.744912 0.757582 129.928379
0.883094 0.743246 0.764887 130.085266
0.892642 0.730297 0.768983 129.287634
0.897268 0.723378 0.771494 128.875755
0.904086 0.715052 0.773417 128.340870
0.906896 0.699259 0.788514 127.633875
0.910146 0.701117 0.782923 127.608335
0.920587 0.687920 0.779418 126.769374
0.918886 0.681113 0.787381 126.547241
0.925717 0.666321 0.796319 125.745946
0.932138 0.652123 0.798973 124.976595
0.931925 0.641838 0.806906 124.556097
0.939868 0.632074 0.809736 123.921367
0.950016 0.619762 0.801241 123.119232
0.947771 0.619406 0.802935 123.166222
0.950506 0.609774 0.814532 122.681218
0.948764 0.598289 0.818782 122.235447
0.961083 0.588945 0.816928 121.499666
0.958979 0.579498 0.822113 121.144002
0.968049 0.570071 0.819932 120.493237
0.966962 0.553885 0.834154 119.804511
0.969807 0.551329 0.831703 119.617940
0.969539 0.541057 0.834826 119.163947
0.979087 0.529883 0.833004 118.422287
0.980926 0.503521 0.845865 117.171979
0.989757 0.496742 0.837587 116.651278
0.991619 0.484759 0.843638 116.051979
0.988866 0.475004 0.848275 115.657393
0.987466 0.469403 0.846984 115.424618
0.999885 0.444515 0.850824 113.968322
1.001521 0.432264 0.845959 113.345401
1.003492 0.423807 0.849797 112.895881
1.000159 0.409040 0.859796 112.243324
0.996971 0.405711 0.867787 112.143540
1.007712 0.391944 0.860946 111.253284
1.010345 0.382654 0.854594 110.743468
1.012268 0.369201 0.863046 110.038227
1.010548 0.372093 0.860486 110.214172
1.005495 0.360219 0.867924 109.710081
1.006592 0.349410 0.866216 109.143005
1.010590 0.336033 0.866868 108.392565
1.015762 0.326213 0.863812 107.804483
1.011209 0.326971 0.864800 107.918421
1.012442 0.308530 0.868992 106.947990
1.008166 0.294340 0.873453 106.275474
1.015242 0.280766 0.868326 105.458840
1.014749 0.268451 0.866450 104.818112
1.019969 0.261853 0.864697 104.398367
1.018730 0.239237 0.871502 103.215797
1.011521 0.238457 0.873817 103.264759
1.012576 0.221194 0.874312 102.322486
1.011831 0.214443 0.871158 101.965973
1.011763 0.176632 0.873836 99.902832
1.017542 0.162442 0.867615 99.070254
1.012257 0.151758 0.866547 98.526307
1.014154 0.147687 0.872803 98.285515
1.007390 0.118811 0.866525 96.726359
1.009278 0.100995 0.862937 95.714386
1.004896 0.102033 0.870030 95.797711
1.000988 0.086121 0.865229 94.917376
0.998823 0.078145 0.868012 94.473515
0.995619 0.062528 0.868569 93.593663
0.990524 0.045975 0.872295 92.657470
0.995567 0.040554 0.866847 92.332651
0.996513 0.023316 0.857721 91.340326
0.988130 0.020753 0.857825 91.203140
0.978891 0.004363 0.868824 90.255398
0.983996 -0.000753 0.859860 89.956175
0.983093 -0.014250 0.857615 89.169579
0.984558 -0.028556 0.852562 88.338682
0.977456 -0.044564 0.852244 87.389591
0.969741 -0.052968 0.851584 86.873549
0.973084 -0.061646 0.842264 86.375098
0.960645 -0.073123 0.848321 85.647130
0.956982 -0.091367 0.841290 84.546295
0.960044 -0.105625 0.833994 83.721529
0.952016 -0.108769 0.835573 83.482149
0.945150 -0.105439 0.838264 83.634502
0.940668 -0.127822 0.836414 82.261823
0.935860 -0.138478 0.829788 81.583123
0.936273 -0.155732 0.821409 80.556342
0.933411 -0.165463 0.816425 79.947783
0.932660 -0.170755 0.815681 79.624968
0.916213 -0.184375 0.817159 78.622009
0.913877 -0.192631 0.813838 78.097168
0.909798 -0.210599 0.808848 76.966811
0.907211 -0.215065 0.810166 76.663521
0.902619 -0.237423 0.798694 75.262846
0.891445 -0.235668 0.800143 75.191727
0.884098 -0.247569 0.796138 74.356436
0.880368 -0.262885 0.789115 73.373970
0.882346 -0.271025 0.784626 72.924899
0.868581 -0.288940 0.775139 71.599935
0.844788 -0.312686 0.766695 69.688689
0.837586 -0.316700 0.772517 69.287873
0.836121 -0.334258 0.750653 68.209825
0.827089 -0.338905 0.756128 67.718338
0.815073 -0.350341 0.751816 66.740608
0.814757 -0.360285 0.741801 66.145053
0.813718 -0.366149 0.733656 65.773655
0.804651 -0.375158 0.727091 65.003328
0.796562 -0.380382 0.738104 64.474137
0.789605 -0.383177 0.729861 64.113765
0.783617 -0.394158 0.723435 63.297693
0.783520 -0.398825 0.714911 63.023155
0.779722 -0.411211 0.707896 62.193650
0.770720 -0.404712 0.710069 62.295606
0.762827 -0.413714 0.711631 61.527133
0.764622 -0.417443 0.699938 61.367773
0.751296 -0.426580 0.699351 60.412389
0.750728 -0.432734 0.693976 60.040036
0.744181 -0.436122 0.692018 59.627846
0.738699 -0.441254 0.694483 59.148457
0.735817 -0.444835 0.690811 58.845125
0.724286 -0.455927 0.672614 57.810211
0.719220 -0.459560 0.667120 57.422658
0.717458 -0.464896 0.672681 57.057705
0.712815 -0.470264 0.662735 56.586062
0.703019 -0.475511 0.666368 55.926188
0.697133 -0.479733 0.654221 55.466182
0.692606 -0.484808 0.645570 55.008915
0.686879 -0.487608 0.650266 54.629485
0.679738 -0.493092 0.658489 54.042325
0.671191 -0.495619 0.644161 53.557229
0.669939 -0.508218 0.632115 52.815957
0.662867 -0.511305 0.622578 52.355028
0.658798 -0.513753 0.621515 52.051691
0.651570 -0.510159 0.631059 51.940158
0.640857 -0.520662 0.619515 50.908020
0.634256 -0.524038 0.612747 50.435618
0.628971 -0.531172 0.599844 49.818559
0.620330 -0.528488 0.606998 49.570776
0.612750 -0.540974 0.600404 48.559919
0.605542 -0.539980 0.596801 48.275657
0.601205 -0.549149 0.587027 47.590989
0.592058 -0.548764 0.573455 47.173358
0.582098 -0.555749 0.568572 46.326518
0.571879 -0.557487 0.570739 45.730080
0.559201 -0.562766 0.558865 44.817972
0.554245 -0.562873 0.551158 44.557491
0.552619 -0.570517 0.544867 44.087044
0.540148 -0.569378 0.545221 43.490929
0.528829 -0.577285 0.542760 42.491619
0.520282 -0.579812 0.528432 41.902550
0.519591 -0.584799 0.524172 41.620939
0.506082 -0.587750 0.510464 40.730060
0.497283 -0.588262 0.506693 40.209243
0.485773 -0.592075 0.505356 39.367470
0.479991 -0.593087 0.499323 38.983550
0.478236 -0.596332 0.490640 38.728299
0.464965 -0.600156 0.477112 37.766361
0.456917 -0.597151 0.480003 37.421850
0.453203 -0.600179 0.480414 37.056945
0.445004 -0.605379 0.481805 36.319027
0.439365 -0.608382 0.455593 35.836287
0.434635 -0.606447 0.452885 35.628822
0.430204 -0.606855 0.452758 35.333150
0.418279 -0.610391 0.453463 34.421412
0.416530 -0.615094 0.442370 34.105113
0.401110 -0.611058 0.427225 33.281676
0.395799 -0.612359 0.423961 32.876659
0.385996 -0.614373 0.424086 32.140190
0.379327 -0.614821 0.417327 31.673401
0.373887 -0.613499 0.417588 31.359549
0.364465 -0.618377 0.397713 30.514705
0.355347 -0.610395 0.392673 30.206215
0.345728 -0.615046 0.394085 29.341131
0.340847 -0.619540 0.383959 28.817873
0.322574 -0.611489 0.373675 27.812655
0.313795 -0.616376 0.362675 26.980491
0.313788 -0.613143 0.359167 27.102036
0.301488 -0.609948 0.359710 26.302502
0.296061 -0.613317 0.361068 25.767576
0.278108 -0.610210 0.340218 24.501536
0.270416 -0.602461 0.326831 24.173077
0.264341 -0.604363 0.321725 23.623959
0.258955 -0.601278 0.320880 23.300353
0.242219 -0.595259 0.317787 22.142078
0.232484 -0.596651 0.306069 21.288289
0.211869 -0.595399 0.294872 19.587804
0.198628 -0.586303 0.272124 18.715346
0.188990 -0.583029 0.268930 17.960182
0.171727 -0.578484 0.264175 16.533903
0.161576 -0.583150 0.266334 15.486686
0.162054 -0.577797 0.243023 15.667151
0.148328 -0.567271 0.228243 14.653457
0.142369 -0.568881 0.224432 14.050326
0.129284 -0.563688 0.236279 12.917628
0.122364 -0.556796 0.222324 12.394501
0.115749 -0.555481 0.214458 11.770644
0.100917 -0.549666 0.197459 10.403424
0.092043 -0.547566 0.202025 9.541922
0.080550 -0.533767 0.190370 8.581678
0.079718 -0.527890 0.176701 8.587508
0.066879 -0.519704 0.168566 7.332955
0.054641 -0.516205 0.165592 6.042307
0.049666 -0.506613 0.147362 5.599098
0.043019 -0.496232 0.145627 4.954648
0.039647 -0.496925 0.152332 4.561648
0.017238 -0.490168 0.146911 2.014104
0.016222 -0.479879 0.126039 1.936113
0.006339 -0.470724 0.113240 0.771550
-0.000479 -0.462398 0.111317 359.940694
0.000170 -0.463865 0.117782 0.020966
-0.012437 -0.455094 0.112236 358.434625
-0.018593 -0.445826 0.094206 357.611928
-0.024926 -0.440705 0.090232 356.762777
-0.030025 -0.438822 0.102704 356.085833
-0.041450 -0.427952 0.091041 354.467761
-0.044835 -0.418629 0.078896 353.887005
-0.053933 -0.415022 0.066627 352.595722
-0.060397 -0.409052 0.072096 351.600962
-0.061120 -0.406749 0.079884 351.454469
-0.069602 -0.391993 0.068377 349.931534
-0.074706 -0.381552 0.059589 348.921860
-0.086229 -0.378898 0.051236 347.179159
-0.082521 -0.374412 0.053234 347.570612
-0.092656 -0.361466 0.045075 345.622759
-0.100251 -0.349050 0.040212 343.975339
-0.109540 -0.343124 0.034985 342.294585
-0.109088 -0.330163 0.015396 341.716085
-0.119297 -0.314606 0.015572 339.233490
-0.131427 -0.312906 0.028138 337.216682
-0.133881 -0.295919 0.008598 335.656771
-0.135382 -0.287750 0.007529 334.803783
-0.141489 -0.273487 -0.015115 332.645078
-0.148424 -0.270778 -0.000581 331.271233
-0.153192 -0.254769 -0.006582 328.981519
-0.157232 -0.244296 -0.016865 327.234155
-0.156296 -0.238090 -0.026669 326.716815
-0.168389 -0.224928 -0.025733 323.180175
-0.167179 -0.213458 -0.029236 321.932215
-0.172058 -0.202749 -0.027107 319.681299
-0.178337 -0.195866 -0.032187 317.682004
-0.177168 -0.187300 -0.045320 316.592380
-0.184292 -0.173398 -0.053331 313.255392
-0.186571 -0.164688 -0.045505 311.435241
-0.192207 -0.156038 -0.047628 309.070425
-0.193346 -0.146358 -0.061468 307.124881
-0.199834 -0.127456 -0.070030 302.530085
-0.203122 -0.113466 -0.073650 299.188124
-0.207340 -0.107140 -0.069876 297.327025
-0.212396 -0.098803 -0.059609 294.946980
-0.212721 -0.083526 -0.076220 291.437761
-0.213592 -0.065350 -0.087265 287.011760
-0.215057 -0.049268 -0.088128 282.903493
-0.222653 -0.042177 -0.075239 280.726433
-0.221313 -0.029781 -0.094101 277.664040
-0.225085 -0.012586 -0.095671 273.200480
-0.228495 0.002570 -0.098177 269.355605
-0.231948 0.011272 -0.098478 267.217816
-0.230915 0.022145 -0.099759 264.522098
-0.231815 0.027401 -0.101584 263.258798
-0.234645 0.045794 -0.103533 258.956785
-0.238410 0.059756 -0.101596 255.929046
-0.233541 0.076041 -0.116238 251.964626
-0.236761 0.085328 -0.113950 250.180946
-0.237661 0.088809 -0.109858 249.510240
-0.242682 0.108609 -0.111219 245.889760
-0.235970 0.122611 -0.130333 242.543459
-0.235066 0.136107 -0.128089 239.928394
-0.240232 0.142694 -0.121526 239.290372
-0.243194 0.143183 -0.114453 239.512173
-0.242603 0.165490 -0.121805 235.700513
-0.237766 0.190841 -0.130315 231.248039
-0.240312 0.192828 -0.131202 231.256163
-0.239005 0.210740 -0.132097 228.596111
-0.240573 0.220063 -0.127240 227.549514
-0.237901 0.235663 -0.127050 225.270865
-0.236275 0.245081 -0.126676 223.951942
-0.234758 0.252749 -0.130008 222.886556
-0.232803 0.270969 -0.130356 220.667490
-0.232890 0.280047 -0.129036 219.747225
-0.235817 0.288448 -0.121757 219.267201
-0.230818 0.298560 -0.128089 217.707810
-0.222726 0.320762 -0.132765 214.774725
-0.220109 0.334599 -0.131468 213.338033
-0.225868 0.340865 -0.120641 213.529766
-0.221428 0.358568 -0.122505 211.696768
-0.216901 0.368968 -0.131606 210.449482
-0.211238 0.391675 -0.129956 208.338856
-0.212874 0.402151 -0.119173 207.893995
-0.209309 0.415728 -0.120665 206.724096
-0.207456 0.428964 -0.121210 205.809390
-0.204055 0.437253 -0.119383 205.017316
-0.194788 0.459463 -0.115932 202.974415
-0.189325 0.472519 -0.123003 201.834616
-0.190171 0.475988 -0.114099 201.778122
-0.185595 0.487834 -0.115980 200.829192
-0.186412 0.500674 -0.104461 200.421396
-0.175938 0.517375 -0.110849 198.781033
-0.170426 0.531877 -0.110699 197.766733
-0.172759 0.538824 -0.101766 197.777064
-0.175067 0.538163 -0.096556 198.019933
-0.160598 0.559923 -0.093545 196.004043
-0.152957 0.574489 -0.096384 194.909077
-0.148033 0.587212 -0.094381 194.149150
-0.146810 0.592216 -0.090868 193.922948
-0.145020 0.603373 -0.081979 193.514605
-0.133494 0.621247 -0.079124 192.127334
-0.128270 0.633402 -0.080458 191.448111
-0.126008 0.644270 -0.068800 191.066367
-0.132978 0.639066 -0.054471 191.754482
-0.113089 0.667429 -0.056327 189.616817
-0.098191 0.684221 -0.054260 188.166624
-0.091989 0.701936 -0.043932 187.466124
-0.085052 0.714431 -0.046213 186.789026
-0.063079 0.747740 -0.016437 184.822013
-0.053444 0.766452 -0.016331 183.988712
-0.049327 0.770345 -0.008048 183.663758
-0.036272 0.791197 -0.007427 182.624820
-0.030877 0.800081 0.009181 182.210065
-0.020629 0.809415 0.015546 181.459940
-0.012101 0.821641 0.019351 180.843773
-0.001950 0.826307 0.017193 180.135188
0.012273 0.846849 0.034268 179.169681
0.014683 0.848944 0.041089 179.009102
0.018207 0.854292 0.047719 178.779087
0.026386 0.863866 0.053557 178.250470
0.038715 0.870042 0.055630 177.452107
0.051661 0.885593 0.064382 176.661451
0.055129 0.889178 0.072118 176.452184
0.057526 0.894189 0.083758 176.319021
0.073057 0.899003 0.078937 175.354125
0.080697 0.910019 0.087933 174.932473
0.090842 0.914369 0.094101 174.326333
0.091416 0.917289 0.102985 174.308766
0.100073 0.923341 0.115100 173.814361
0.099834 0.922440 0.120837 173.823032
0.119578 0.937589 0.126907 172.731874
0.130474 0.949006 0.127902 172.171746
0.137492 0.950331 0.138546 171.767670
0.142080 0.955711 0.143681 171.544074
0.144019 0.956319 0.153650 171.435752
0.161646 0.966714 0.163806 170.507257
0.174618 0.974657 0.168836 169.842750
0.181103 0.977741 0.174310 169.506249
0.177076 0.978197 0.182878 169.739269
0.188792 0.988428 0.196444 169.186618
0.204438 0.989984 0.204753 168.332084
0.216890 0.994995 0.205710 167.702988
0.226079 1.002838 0.211161 167.295664
0.222646 1.003616 0.215465 167.491862
0.238114 1.002800 0.231913 166.642541
0.239985 1.006337 0.241891 166.586968
0.257625 1.013815 0.247227 165.742077
0.263940 1.013069 0.258430 165.397085
0.282583 1.022049 0.259871 164.544561
0.284222 1.021451 0.279095 164.450606
0.319754 1.030842 0.291046 162.766783
0.320102 1.031720 0.294930 162.762920
0.333557 1.031133 0.315662 162.074323
0.345825 1.035230 0.327168 161.527792
0.365130 1.038052 0.336172 160.620925
0.368385 1.033128 0.345924 160.375154
0.384809 1.034144 0.345338 159.589570
0.393998 1.040212 0.356706 159.254955
0.395643 1.039931 0.367602 159.170596
0.406559 1.043423 0.373203 158.712129
0.406682 1.040482 0.378005 158.651517
0.429433 1.039611 0.377885 157.555905
0.429530 1.044278 0.386409 157.641785
0.435673 1.039702 0.403341 157.264547
0.450192 1.042697 0.410744 156.647345
0.461067 1.043285 0.406714 156.157567
0.477961 1.040462 0.420732 155.327193
0.480732 1.038743 0.432535 155.165198
0.487824 1.035681 0.440760 154.778723
0.494910 1.037628 0.439561 154.500571
0.517361 1.033775 0.454612 153.413958
0.524814 1.028674 0.461902 152.969995
0.533729 1.027703 0.472885 152.555259
0.540931 1.026392 0.484815 152.209795
0.548152 1.020707 0.489515 151.762778
0.570603 1.018629 0.498649 150.743858
0.585320 1.014296 0.508436 150.012061
0.588917 1.013483 0.518564 149.839875
0.594254 1.005401 0.524024 149.414312
0.613872 1.001189 0.536706 148.485748
0.627714 0.994505 0.540946 147.740596
0.640765 0.993053 0.552983 147.167943
0.641194 0.984535 0.563874 146.925168
0.649712 0.979466 0.569669 146.442361
0.667575 0.970234 0.579586 145.469857
0.682475 0.963265 0.590658 144.682350
0.685505 0.958073 0.589494 144.416117
0.694310 0.953577 0.602689 143.941191
0.692707 0.953212 0.613258 143.993799
0.717074 0.942689 0.621419 142.740881
0.728800 0.933025 0.623829 142.006068
0.731952 0.924892 0.627467 141.642184
0.751711 0.908039 0.655475 140.380661
0.762304 0.899496 0.665305 139.719419
0.775749 0.885164 0.676192 138.768986
0.780125 0.885584 0.671508 138.622686
0.799078 0.867001 0.682126 137.334572
0.802695 0.860038 0.690943 136.975197
0.799709 0.844373 0.710743 136.556139
0.812309 0.840610 0.706864 135.980904
0.820951 0.836151 0.705627 135.525539
0.834812 0.821542 0.714473 134.540989
0.833185 0.808574 0.725934 134.141146
0.837199 0.811033 0.722186 134.090494
0.844604 0.802712 0.728173 133.543226
0.853729 0.793272 0.730802 132.897754
0.860786 0.780523 0.744740 132.200372
0.870375 0.775803 0.740714 131.711987
0.869146 0.770482 0.745528 131.556425
0.876496 0.762173 0.746703 131.009173
0.877763 0.746319 0.768853 130.372888
0.894752 0.738285 0.761388 129.527013
0.900102 0.727288 0.762028 128.938427
0.902299 0.720873 0.770865 128.622395
0.900169 0.720809 0.773854 128.685959
0.912882 0.695036 0.782686 127.284355
0.925692 0.679254 0.782289 126.270476
0.929573 0.663809 0.787563 125.530686
0.934977 0.652800 0.793014 124.922676
0.929550 0.645881 0.806208 124.792807
0.937568 0.631730 0.806619 123.971956
0.947354 0.617907 0.810894 123.114220
0.953213 0.592547 0.817597 121.866375
0.949767 0.598016 0.820804 122.196352
0.965955 0.579694 0.817209 120.969023
0.961489 0.567824 0.828711 120.564684
0.963302 0.552620 0.833459 119.841684
0.968830 0.542219 0.831877 119.234161
0.978132 0.535151 0.826368 118.683748
0.984756 0.510392 0.834913 117.397369
0.980351 0.497051 0.848817 116.885607
0.982820 0.482472 0.845784 116.146701
0.986749 0.470249 0.852362 115.480754
0.995894 0.456434 0.847763 114.622755
0.996400 0.421544 0.859323 112.931602
0.997503 0.407502 0.861123 112.221074
1.006586 0.395158 0.854122 111.433586
1.009961 0.370314 0.862340 110.136073
1.011003 0.357743 0.861737 109.486291
1.008483 0.348573 0.868964 109.067225
1.008822 0.333930 0.868922 108.315045
1.012519 0.322896 0.866993 107.687680
1.018472 0.288775 0.864048 105.829999
1.010702 0.276833 0.870412 105.317709
1.010079 0.267142 0.872060 104.814159
1.015558 0.253520 0.869176 104.016613
1.011002 0.235524 0.869744 103.113803
1.019485 0.226093 0.863499 102.504212
1.022705 0.215031 0.867129 101.873909
1.008546 0.206447 0.870626 101.568511
0.998437 0.204685 0.882415 101.585431
1.013095 0.185162 0.875136 100.357522
1.012082 0.169914 0.869187 99.530262
1.012605 0.152635 0.870431 98.571954
1.016712 0.142783 0.868870 97.994135
1.006739 0.136939 0.874724 97.745974
1.001644 0.122161 0.872532 96.953462
1.002889 0.102578 0.865987 95.840057
1.006367 0.086269 0.862567 94.899575
0.998442 0.086333 0.870260 94.941952
0.998623 0.066719 0.865209 93.822298
0.993999 0.051652 0.865786 92.974622
0.991376 0.039273 0.866899 92.268550
0.990560 0.018473 0.857417 91.068377
0.994702 0.016533 0.856061 90.952250
0.988391 -0.006482 0.853864 89.624264
0.982280 -0.018071 0.854470 88.946036
0.974565 -0.026476 0.853811 88.443853
0.974377 -0.042593 0.852105 87.497042
0.979146 -0.055052 0.846272 86.781946
0.969886 -0.078720 0.840411 85.359804
0.961319 -0.078647 0.839230 85.322954
0.955959 -0.084944 0.840580 84.922158
0.957437 -0.102167 0.830707 83.909080
0.951742 -0.115808 0.835188 83.062359
0.951145 -0.131332 0.827198 82.138452
0.948118 -0.146351 0.825533 81.225126
0.932524 -0.166673 0.821615 79.866356
0.930349 -0.188394 0.814555 78.552493
0.919917 -0.196866 0.812821 77.920655
0.916155 -0.203116 0.811929 77.499457
0.905613 -0.215113 0.812408 76.637967
0.901325 -0.221062 0.803937 76.219472
0.894549 -0.243472 0.790643 74.774466
0.891810 -0.256143 0.790461 73.975016
0.881146 -0.265200 0.786138 73.249675
0.877745 -0.273489 0.784311 72.693949
0.859905 -0.292392 0.776171 71.220493
0.855887 -0.310055 0.767665 70.086497
0.842294 -0.325914 0.758366 68.846725
0.836531 -0.333077 0.751021 68.289326
0.826844 -0.336573 0.758358 67.850836
0.812511 -0.360641 0.743495 66.065502
0.802835 -0.382257 0.733759 64.539262
0.798840 -0.387316 0.724360 64.133644
0.792129 -0.395994 0.725722 63.439048
0.779151 -0.402478 0.723102 62.680931
0.768487 -0.409760 0.712861 61.933289
0.766177 -0.423849 0.699901 61.048610
0.757110 -0.432858 0.693335 60.242337
0.753315 -0.430042 0.698575 60.279438
0.735530 -0.447183 0.689328 58.701518
0.725992 -0.455903 0.679994 57.872319
0.718645 -0.466030 0.670072 57.037248
0.712105 -0.470877 0.665704 56.525482
0.709181 -0.480912 0.664236 55.857924
0.693726 -0.486563 0.654804 54.955088
0.684940 -0.491766 0.652131 54.322793
0.674985 -0.500210 0.644839 53.459044
0.669510 -0.506800 0.644894 52.875321
0.661760 -0.516017 0.620360 52.054168
0.645336 -0.517033 0.620946 51.298867
0.635895 -0.521086 0.620135 50.666988
0.626021 -0.537150 0.613932 49.369155
0.627987 -0.538824 0.602428 49.369781
0.611595 -0.545356 0.585048 48.276786
0.602338 -0.550271 0.579606 47.586480
0.589977 -0.549156 0.589582 47.052284
0.582385 -0.555177 0.575972 46.370123
0.575544 -0.557680 0.569024 45.903150
0.554490 -0.566980 0.554845 44.361947
0.540755 -0.575524 0.547973 43.215973
0.537531 -0.581440 0.538007 42.752851
0.523067 -0.579122 0.517663 42.088524
0.509918 -0.587662 0.514855 40.948364
0.502122 -0.588447 0.513106 40.474170
0.493330 -0.590417 0.506925 39.880843
0.485260 -0.594690 0.492957 39.214035
0.469279 -0.601816 0.481862 37.946095
0.462371 -0.601390 0.474922 37.554402
0.450909 -0.601982 0.474888 36.834740
0.446799 -0.607333 0.464195 36.340920
0.430621 -0.608906 0.456633 35.268085
0.425555 -0.610764 0.445222 34.867173
0.419834 -0.611472 0.435673 34.473324
0.408593 -0.606788 0.437130 33.955124
0.380631 -0.615663 0.416012 31.726249
0.368821 -0.617132 0.412093 30.864137
0.360390 -0.621141 0.404977 30.122589
0.344248 -0.611251 0.385787 29.387558
0.334923 -0.611462 0.374436 28.711307
0.326191 -0.614903 0.370657 27.944897
0.308581 -0.611235 0.362018 26.786814
0.306916 -0.608355 0.364268 26.770995
0.287030 -0.610864 0.342874 25.167690
0.273036 -0.608835 0.325299 24.154197
0.265773 -0.607828 0.316885 23.617390
0.254783 -0.606934 0.313703 22.772075
0.243939 -0.598151 0.320347 22.186656
0.228696 -0.593518 0.302981 21.072826
0.213761 -0.590912 0.279869 19.887435
0.197563 -0.584560 0.267702 18.673646
0.196008 -0.581704 0.279574 18.621456
0.173570 -0.580768 0.259703 16.639440
0.154600 -0.576246 0.247568 15.018150
0.144431 -0.567664 0.227369 14.274876
0.137277 -0.563131 0.216742 13.700070
0.135551 -0.560555 0.222509 13.594050
0.109128 -0.552708 0.209001 11.168968
0.099061 -0.542691 0.200834 10.344702
0.084987 -0.534817 0.188087 9.029275
0.055528 -0.513220 0.154484 6.175155
0.043570 -0.505916 0.155402 4.922271
0.035039 -0.496155 0.148509 4.039613
0.030377 -0.493598 0.133958 3.521666
0.008591 -0.473601 0.115053 1.039259
-0.002302 -0.462714 0.102643 359.715015
-0.013795 -0.452465 0.102823 358.253696
-0.029793 -0.438238 0.105294 356.110852
-0.032038 -0.433269 0.089236 355.770979
-0.052527 -0.410880 0.065509 352.714869
-0.060648 -0.398163 0.053066 351.339344
-0.075800 -0.392729 0.064386 349.075720
-0.077532 -0.378045 0.037058 348.410084
-0.087141 -0.367176 0.042396 346.649069
-0.097876 -0.349543 0.029075 344.357146
-0.106114 -0.340668 0.027173 342.698887
-0.108979 -0.328412 0.019100 341.642383
-0.113360 -0.325600 0.020276 340.804004
-0.126592 -0.302758 0.007373 337.308719
-0.137444 -0.288968 0.004592 334.562558
-0.141605 -0.273779 -0.016410 332.650889
-0.147023 -0.258078 -0.022959 330.330582
-0.153792 -0.250081 -0.011744 328.409761
-0.166541 -0.233995 -0.014863 324.559486
-0.169308 -0.209972 -0.038081 321.119513
-0.173074 -0.192461 -0.047979 318.035979
-0.179776 -0.187392 -0.036772 316.188422
-0.190523 -0.168618 -0.039356 311.509651
-0.194656 -0.144059 -0.057743 306.503984
-0.199131 -0.125385 -0.070589 302.197004
-0.202842 -0.109660 -0.069758 298.396524
-0.204207 -0.109123 -0.064927 298.119032
-0.213989 -0.074773 -0.074700 289.260547
-0.217884 -0.054637 -0.081072 284.077274
-0.218883 -0.032061 -0.094509 278.333167
-0.226240 -0.025843 -0.081441 276.516560
-0.227821 -0.006504 -0.095434 271.635372
-0.230057 0.010434 -0.095730 267.403121
-0.234184 0.028210 -0.098774 263.131085
-0.237533 0.041896 -0.098879 259.997048
-0.235318 0.097383 -0.114863 247.518565
-0.235144 0.119966 -0.120173 242.970157
-0.240403 0.138864 -0.115797 239.988030
-0.239309 0.150041 -0.120594 237.913247
-0.238115 0.186414 -0.122365 231.943551
-0.236288 0.210808 -0.131023 228.261793
-0.233035 0.231420 -0.136194 225.199292
-0.234781 0.243695 -0.140950 223.932644
-0.236391 0.246564 -0.133889 223.793345
-0.234045 0.270340 -0.126640 220.884158
-0.227353 0.286942 -0.132607 218.390890
-0.226614 0.298700 -0.138879 217.186365
-0.228121 0.306552 -0.131620 216.654758
-0.227401 0.320910 -0.124745 215.321883
-0.221725 0.340701 -0.127914 213.055748
-0.217995 0.359566 -0.132726 211.227281
-0.211370 0.377321 -0.132768 209.256997
-0.214265 0.374881 -0.125703 209.750314
-0.214178 0.402993 -0.117858 207.989225
-0.207853 0.423091 -0.120480 206.163626
-0.200635 0.439392 -0.118868 204.542375
-0.194065 0.455384 -0.117803 203.081644
-0.193272 0.467130 -0.119263 202.476942
-0.188832 0.481284 -0.109291 201.422569
-0.182630 0.500773 -0.104881 200.036711
-0.175473 0.518544 -0.105670 198.695589
-0.180981 0.519246 -0.093566 199.215836
-0.166874 0.546595 -0.101454 196.977281
-0.162128 0.556946 -0.091312 196.230331
-0.155210 0.573816 -0.086363 195.135570
-0.144332 0.593157 -0.089973 193.675940
-0.139095 0.600620 -0.090208 193.039048
-0.133016 0.619501 -0.078765 192.118301
-0.128215 0.631615 -0.069729 191.474888
-0.122491 0.652851 -0.065678 190.626562
-0.118796 0.662029 -0.064778 190.173056
-0.097904 0.688344 -0.058695 188.094931
-0.092925 0.701055 -0.051880 187.550552
-0.086233 0.712332 -0.040095 186.902494
-0.075001 0.727542 -0.030397 185.885738
-0.069048 0.734160 -0.036010 185.372865
-0.054408 0.756200 -0.026894 184.115324
-0.047429 0.769825 -0.013626 183.525566
-0.031909 0.790983 0.004544 182.310135
-0.010723 0.816413 0.015618 180.752499
0.003068 0.828494 0.015466 179.787840
0.004755 0.834667 0.024158 179.673579
0.017304 0.846120 0.027722 178.828424
0.018268 0.852821 0.050120 178.772869
0.031342 0.865748 0.055347 177.926637
0.044833 0.876624 0.064449 177.072278
0.058385 0.889578 0.064118 176.244922
0.048656 0.879628 0.073659 176.833920
0.065487 0.898487 0.088105 175.831346
0.075325 0.906638 0.094103 175.250704
0.085224 0.915095 0.096584 174.679310
0.095846 0.917697 0.103112 174.037531
0.092939 0.921724 0.103161 174.242232
0.104361 0.931065 0.117654 173.604532
0.113086 0.934189 0.129760 173.097796
0.125053 0.942404 0.132768 172.441230
0.122556 0.945838 0.139103 172.617095
0.144688 0.954028 0.141051 171.376254
0.147623 0.955822 0.155451 171.220231
0.152341 0.955028 0.168896 170.936863
0.165654 0.968856 0.168385 170.297453
0.173566 0.971708 0.165511 169.872666
0.183630 0.981903 0.176508 169.407242
0.181745 0.975957 0.189102 169.451082
0.188224 0.982274 0.191068 169.152435
0.191302 0.978528 0.197124 168.938199
0.205809 0.989764 0.191594 168.253427
0.204799 0.989720 0.197900 168.308980
0.201605 0.989624 0.202383 168.485346
0.201011 0.989304 0.206647 168.514743
0.211879 0.993125 0.199110 167.956759
0.212888 0.989619 0.204639 167.859458
0.214486 0.989667 0.202397 167.771676
0.204567 0.987360 0.201228 168.294743
0.204431 0.991443 0.207162 168.349136
0.216664 0.992952 0.200711 167.690897
0.216841 0.993549 0.198490 167.688293
0.211046 0.995453 0.197276 168.029940
0.204854 0.989708 0.202711 168.305802
0.207626 0.991539 0.210078 168.173281
0.213231 0.995504 0.199098 167.910285
0.210814 0.991318 0.206522 167.994325
0.205900 0.995890 0.202528 168.318714
0.202779 0.991407 0.204593 168.440335
0.208465 0.987753 0.202102 168.082637
0.205790 0.990589 0.210658 168.264033
0.215005 0.996149 0.194635 167.820310
0.213121 0.993754 0.195394 167.895657
0.205093 0.988835 0.202890 168.282493
0.205264 0.989115 0.208996 168.276231
0.212466 0.994904 0.197256 167.945312
0.207510 0.991246 0.201384 168.176320
0.208752 0.991875 0.197668 168.114867
0.198049 0.989792 0.213720 168.685042
0.205428 0.994403 0.205676 168.327766
0.215605 0.991462 0.199796 167.731345
0.214896 0.992624 0.196848 167.784401
0.207748 0.988598 0.207481 168.132297
0.206745 0.990645 0.199542 168.211725
0.204541 0.994968 0.204949 168.383231
0.207210 0.991815 0.204720 168.199519
0.215593 0.996153 0.198698 167.788091
0.210049 0.992492 0.198762 168.050355
0.206329 0.990922 0.201584 168.237990
0.204438 0.989984 0.204753 168.332084
0.211995 0.993417 0.200405 167.953791
0.217490 0.993857 0.199037 167.656313
0.214241 0.993774 0.198710 167.834197
0.212063 0.990489 0.200396 167.915475
0.201543 0.987545 0.211817 168.465179
0.206383 0.989135 0.212312 168.214302
0.212050 0.995180 0.199298 167.971485
0.214712 0.995260 0.195562 167.825905
0.206629 0.988578 0.204164 168.194223
0.210398 0.995144 0.196729 168.062079
0.203967 0.990273 0.201983 168.361534
0.214308 0.990845 0.198701 167.795572
0.211414 0.988405 0.205766 167.926709
0.210924 0.996618 0.198391 168.050293
0.209052 0.989531 0.200248 168.070890
0.204199 0.990858 0.204573 168.355330
0.210123 0.986330 0.202261 167.973755
0.204616 0.994131 0.190696 168.369595
0.200069 0.991656 0.195192 168.593542
0.202444 0.984063 0.207724 168.375173
0.212411 0.993141 0.198362 167.927571
0.208984 0.994235 0.194340 168.129447
0.205858 0.991210 0.198815 168.267419
0.196342 0.987994 0.212258 168.760168
0.207271 0.992120 0.201204 168.199647
0.209933 0.992200 0.197468 168.053353
0.209749 0.994836 0.196182 168.094241
0.202015 0.992581 0.196834 168.496012
0.200540 0.991367 0.197961 168.564154
0.203667 0.996167 0.187568 168.445068
0.204610 1.000914 0.175354 168.446618
0.196540 0.991316 0.179137 168.785889
0.193051 0.990331 0.184548 168.969306
0.196820 0.991572 0.194865 168.773125
0.199059 0.991612 0.201497 168.649142
0.200895 0.989011 0.205352 168.517893
0.197113 0.992461 0.193938 168.766622
0.198766 0.992497 0.196507 168.675294
0.199782 0.987533 0.199626 168.563195
0.200662 0.986651 0.208680 168.504130
0.204793 0.992953 0.194392 168.346358
0.206452 0.991531 0.194551 168.238212
0.204916 0.991788 0.193277 168.326241
0.192757 0.982341 0.209144 168.898351
0.205393 0.988266 0.199554 168.259253
0.198595 0.990442 0.196318 168.661914
0.210240 0.990173 0.191721 168.012620
0.203105 0.981455 0.203452 168.308087
0.202621 0.986435 0.199586 168.392463
0.196587 0.989212 0.198193 168.759977
0.209756 0.993378 0.193772 168.076904
0.203502 0.987328 0.202722 168.353638
0.202976 0.987629 0.195142 168.386349
0.196171 0.989489 0.200235 168.786225
0.198123 0.988956 0.199467 168.671558
0.203324 0.986731 0.204944 168.356677
0.208336 0.993926 0.193792 168.161680
0.203202 0.991447 0.194224 168.417333
0.197591 0.988940 0.200214 168.701040
0.209585 0.991322 0.193584 168.062359
0.207510 0.993021 0.195466 168.196854
0.210220 0.996322 0.193033 168.085553
0.203215 0.984981 0.201239 168.342663
0.194648 0.983279 0.205976 168.802602
0.201782 0.990221 0.200162 168.482241
0.208165 0.991871 0.193604 168.147304
0.206813 0.987717 0.199533 168.173995
0.210172 0.993101 0.191730 168.050696
0.199304 0.989280 0.199267 168.609433
0.200069 0.989881 0.201109 168.573636
0.199182 0.990446 0.200382 168.629309
0.209004 0.989860 0.187110 168.077404
0.197707 0.991007 0.195591 168.717542
0.195584 0.989485 0.196171 168.818898
0.197242 0.986287 0.202248 168.690907
0.200902 0.989328 0.197025 168.521104
0.206103 0.990654 0.190667 168.247400
0.204035 0.990894 0.190140 168.364855
0.198314 0.984861 0.198343 168.615049
0.192922 0.991180 0.193990 168.985724
0.202505 0.987918 0.192373 168.415862
0.196178 0.988030 0.197825 168.769735
0.208471 0.988069 0.193775 168.085975
0.202260 0.990249 0.194604 168.456026
0.196178 0.988030 0.197825 168.769735
0.198704 0.993967 0.194106 168.695008
0.207633 0.993630 0.188434 168.197101
0.208055 0.991896 0.183982 168.153643
0.203202 0.993222 0.188307 168.437464
0.202137 0.991415 0.195719 168.476042
0.210030 0.998642 0.200074 168.122902
0.222904 1.000143 0.202498 167.435693
0.237828 1.007553 0.206760 166.718731
0.230080 1.008214 0.212232 167.144919
0.226421 1.005174 0.217454 167.305681
0.235165 1.005698 0.216414 166.838831
0.240360 1.008482 0.212466 166.594294
0.240948 1.010260 0.210612 166.585529
0.234694 1.005986 0.213645 166.867913
0.232810 1.003591 0.214404 166.939707
0.231384 1.005598 0.216834 167.042034
0.237998 1.007833 0.212866 166.713090
0.242790 1.006202 0.212057 166.434208
0.238360 1.007569 0.206013 166.690260
0.232032 1.007681 0.211464 167.032888
0.240257 1.003498 0.212269 166.535709
0.239247 1.007004 0.206740 166.635261
0.228373 1.006416 0.210769 167.215090
0.227725 1.006107 0.210222 167.246428
0.235478 0.996888 0.226010 166.709600
0.233409 0.991803 0.243235 166.757088
0.239443 0.992576 0.232793 166.437425
0.237785 0.993999 0.232634 166.546506
0.226972 0.991940 0.239065 167.111668
0.225114 0.985487 0.224267 167.132749
0.223401 0.986921 0.219297 167.245413
0.227728 0.985896 0.207393 166.993608
0.226241 0.992923 0.195587 167.164117
0.237403 1.006509 0.157536 166.728343
0.250033 1.026316 0.108933 166.308185
0.256985 1.046544 0.066328 166.203659
0.272413 1.058799 0.019889 165.571594
0.258975 1.045133 -0.038078 166.082901
0.244823 1.038641 -0.048826 166.736624
0.237505 1.037884 -0.056133 167.110588
0.228678 1.031552 -0.074354 167.500630
0.222689 1.020572 -0.080780 167.690973
0.215419 1.019486 -0.074949 168.068808
0.212102 1.022331 -0.075268 168.279175
0.224806 1.025327 -0.084867 167.633420
0.228465 1.026593 -0.084172 167.453472
0.219427 1.025179 -0.082205 167.918831
0.222451 1.024995 -0.092794 167.755212
0.224936 1.031578 -0.117979 167.699177
0.234287 1.033056 -0.139937 167.222005
0.236533 1.035187 -0.147549 167.129256
0.237708 1.040520 -0.157174 167.131541
0.244301 1.035476 -0.178002 166.724921
0.274255 1.049268 -0.219449 165.351879
0.266371 1.048687 -0.190291 165.747997
0.267695 1.047021 -0.210670 165.658247
0.266191 1.036436 -0.212158 165.595871
0.261332 1.039221 -0.205424 165.884571
0.261535 1.032210 -0.211367 165.781961
0.260470 1.026853 -0.192120 165.766653
0.269276 1.027682 -0.196677 165.317307
0.271105 1.026540 -0.190412 165.206190
0.264648 1.031051 -0.187353 165.604210
0.260927 1.025931 -0.172697 165.730373
0.254196 1.021629 -0.164105 166.027687
0.261282 1.023575 -0.165305 165.680232
0.253535 1.024237 -0.159833 166.096740
0.265118 1.021888 -0.154997 165.455850
0.259555 1.022601 -0.147703 165.758010
0.252905 1.014229 -0.149858 165.998425
0.242564 1.013657 -0.146575 166.542433
0.248885 1.015003 -0.149617 166.222558
0.238030 1.008265 -0.146900 166.716877
0.243716 1.006386 -0.155308 166.386800
0.242548 1.004920 -0.165845 166.430585
0.233859 1.006159 -0.165911 166.915229
0.231093 0.995770 -0.144619 166.934408
0.215045 0.992577 -0.096112 167.775606
0.218998 0.992957 -0.090427 167.562471
0.211912 0.989236 -0.083310 167.908974
0.206545 0.982622 -0.073632 168.129336
0.198401 0.979185 -0.073348 168.545865
0.210456 0.976548 -0.065743 167.838182
0.195855 0.975848 -0.056482 168.651373
0.195335 0.969365 -0.048719 168.606992
0.186242 0.962639 -0.033811 169.050251
0.184841 0.955264 -0.029185 169.048729
0.177933 0.953914 -0.030207 169.434070
0.178956 0.947492 -0.029497 169.304355
0.177304 0.947456 -0.032066 169.400446
0.165536 0.948892 -0.026354 170.104215
0.159693 0.947574 -0.028870 170.433950
0.159392 0.946368 -0.019616 170.439664
0.168956 0.949256 -0.019921 169.907713
0.172432 0.954932 -0.026430 169.764423
0.174752 0.950902 -0.030543 169.586680
0.177401 0.953898 -0.029460 169.464803
0.180295 0.954563 -0.030607 169.304139
0.167250 0.951007 -0.033218 170.025623
0.171373 0.955217 -0.033262 169.828893
0.184241 0.959951 -0.034346 169.135454
0.191518 0.957803 -0.036670 168.692542
0.175571 0.955041 -0.035724 169.583247
0.178166 0.958049 -0.039452 169.465202
0.171264 0.955242 -0.042884 169.835506
0.173210 0.956167 -0.041242 169.732214
0.171257 0.953150 -0.028640 169.814066
0.179879 0.956615 -0.034482 169.350619
0.183477 0.957576 -0.030271 169.153283
0.174206 0.955577 -0.030893 169.668160
0.170328 0.949036 -0.033080 169.825177
0.167243 0.954240 -0.036726 170.059107
0.175216 0.955622 -0.037199 169.610026
0.178998 0.955721 -0.037619 169.391900
0.180131 0.951050 -0.033205 169.275114
0.172916 0.955277 -0.040315 169.739910
0.177462 0.955978 -0.038893 169.483644
0.166472 0.955098 -0.036158 170.112747
0.174623 0.957076 -0.038853 169.659863
0.178405 0.957176 -0.039273 169.441992
0.182828 0.960817 -0.042653 169.226311
0.172664 0.960842 -0.041593 169.812613
0.177749 0.958326 -0.037410 169.492232
0.167769 0.957489 -0.040981 170.061627
0.178753 0.959828 -0.041306 169.450402
0.175797 0.960633 -0.042560 169.629530
0.172451 0.954108 -0.045494 169.754610
0.167182 0.955710 -0.039127 170.077662
0.165953 0.952165 -0.040231 170.113234
0.166992 0.958030 -0.032086 170.112264
0.173306 0.960834 -0.032718 169.775450
0.175149 0.958550 -0.037190 169.645000
0.175620 0.958262 -0.034421 169.614695
0.173393 0.953531 -0.039956 169.693738
0.172910 0.958510 -0.043823 169.774153
0.163523 0.954445 -0.039822 170.278017
0.165095 0.962101 -0.038342 170.262989
0.176159 0.958594 -0.043496 169.587051
0.176979 0.962733 -0.048677 169.583643
0.165921 0.964781 -0.045934 170.241861
0.167470 0.963383 -0.055397 170.138525
0.167696 0.965426 -0.050398 170.145979
0.174433 0.964720 -0.049564 169.750976
0.182277 0.970500 -0.052429 169.362768
0.181212 0.972243 -0.056852 169.442032
0.190941 0.978644 -0.054559 168.959863
0.197507 0.977658 -0.059830 168.578791
0.186449 0.979707 -0.057087 169.224816
0.187153 0.981778 -0.057646 169.207397
0.182264 0.976967 -0.059444 169.432302
0.187992 0.979767 -0.064140 169.138432
0.186094 0.980288 -0.058561 169.251072
0.191241 0.979851 -0.063813 168.956202
0.200102 0.980667 -0.063558 168.467319
0.208820 0.990574 -0.066794 168.095928
0.204716 0.981989 -0.073980 168.224167
0.199986 0.983925 -0.076688 168.510959
0.207671 0.979408 -0.066808 168.028455
0.197801 0.980323 -0.066675 168.592519
0.203706 0.980170 -0.061757 168.259522
0.196907 0.982346 -0.064992 168.665507
0.201815 0.981007 -0.064505 168.375176
0.204948 0.979024 -0.059556 168.176498
0.203412 0.979280 -0.060830 168.265627
0.208668 0.980594 -0.062377 167.986775
0.195787 0.980551 -0.062391 168.708205
0.200627 0.982141 -0.061896 168.454713
0.190880 0.981890 -0.062877 168.998895
0.191664 0.976341 -0.062347 168.893602
0.189234 0.978621 -0.061938 169.055895
0.188340 0.982419 -0.066173 169.147450
0.197788 0.981464 -0.055938 168.606176
0.198688 0.976208 -0.054113 168.495704
0.190018 0.974847 -0.067326 168.970148
0.182155 0.975216 -0.063149 169.419983
0.191615 0.974895 -0.069568 168.880268
0.182639 0.975561 -0.077034 169.396155
0.190209 0.974303 -0.080284 168.953332
0.190735 0.977552 -0.084539 168.959443
0.189212 0.973117 -0.084716 168.996757
0.180345 0.971984 -0.076643 169.488698
0.183220 0.978798 -0.076478 169.397579
0.196565 0.980011 -0.071286 168.658412
