0.318890 -0.368548 -0.803736 
0.315866 -0.364621 -0.803735 
0.314902 -0.362577 -0.803520 
0.313506 -0.362559 -0.803067 
0.310023 -0.361795 -0.804515 
0.311364 -0.360513 -0.805261 
0.312519 -0.367536 -0.806302 
0.323426 -0.375989 -0.807387 
0.325783 -0.376923 -0.806320 
0.321117 -0.374101 -0.804690 
0.318172 -0.376451 -0.802337 
0.308935 -0.375246 -0.806004 
0.312292 -0.378418 -0.803124 
0.312311 -0.379524 -0.804858 
0.305297 -0.370786 -0.806342 
0.309370 -0.363278 -0.810336 
0.318417 -0.340868 -0.813683 
0.333760 -0.319314 -0.816469 
0.338289 -0.312542 -0.815249 
0.364531 -0.235760 -0.830551 
0.382449 -0.178047 -0.829184 
0.424209 -0.121912 -0.832463 
0.460080 -0.046526 -0.828181 
0.466798 -0.032026 -0.826807 
0.448929 0.168930 -0.826591 
0.385160 0.250854 -0.840879 
0.328355 0.286906 -0.859644 
0.322157 0.284205 -0.863310 
0.332498 0.276150 -0.862714 
0.470213 0.146346 -0.826731 
0.580327 0.044061 -0.760602 
0.694935 -0.057101 -0.660642 
0.766383 -0.133396 -0.556319 
0.786789 -0.176628 -0.484678 
0.856426 -0.403535 -0.171591 
0.779195 -0.569687 0.025365 
0.633916 -0.716602 0.207861 
0.480413 -0.803641 0.304984 
0.384450 -0.844840 0.339064 
0.060278 -0.901454 0.408973 
-0.001629 -0.882534 0.446932 
-0.054888 -0.880004 0.468939 
-0.104147 -0.882037 0.449193 
-0.100964 -0.893364 0.430186 
-0.062809 -0.938869 0.343854 
-0.010886 -0.969391 0.247701 
0.065754 -0.978688 0.136563 
0.171497 -0.978332 0.037092 
0.698816 -0.518855 -0.451048 
0.708033 -0.494637 -0.466498 
0.717841 -0.199359 -0.627129 
0.650512 -0.022187 -0.720728 
0.571949 0.111998 -0.779969 
0.447845 0.259521 -0.828381 
0.428573 0.281517 -0.828346 
0.216420 0.497218 -0.809744 
0.127302 0.580635 -0.777737 
0.055795 0.640079 -0.747906 
-0.005268 0.679781 -0.725793 
-0.016613 0.680099 -0.724160 
-0.193678 0.668773 -0.727303 
-0.263921 0.637504 -0.734891 
-0.313443 0.614113 -0.738454 
-0.344782 0.572950 -0.755098 
-0.346455 0.563909 -0.760707 
-0.294202 0.471594 -0.840788 
-0.220232 0.427979 -0.887740 
-0.090320 0.397355 -0.933463 
0.077560 0.380337 -0.945454 
0.105674 0.379627 -0.947674 
0.437429 0.321157 -0.872688 
0.593831 0.315981 -0.775514 
0.764231 0.270364 -0.618522 
0.895786 0.174558 -0.421098 
0.917331 0.136439 -0.351114 
0.988457 -0.106577 0.023863 
0.930969 -0.276115 0.207232 
0.801298 -0.431722 0.383565 
0.678095 -0.526803 0.506332 
0.636033 -0.541353 0.544908 
0.384650 -0.597346 0.708338 
0.236800 -0.614077 0.761347 
0.121206 -0.612073 0.789894 
0.035872 -0.615840 0.789592 
0.016864 -0.632222 0.781126 
-0.026883 -0.745957 0.671057 
0.008574 -0.814829 0.590620 
0.078962 -0.876042 0.490072 
0.132347 -0.909674 0.422600 
0.274555 -0.927598 0.269743 
0.397811 -0.911331 0.130175 
0.517583 -0.869150 -0.006294 
0.660919 -0.738822 -0.186017 
0.746246 -0.531971 -0.375761 
0.765623 -0.386916 -0.495378 
0.716766 -0.209354 -0.645073 
0.618446 -0.044223 -0.762318 
0.592895 -0.007052 -0.779581 
0.317709 0.335189 -0.860953 
0.203214 0.451375 -0.836380 
0.125916 0.541885 -0.795606 
0.052619 0.616471 -0.751005 
0.026359 0.630668 -0.739125 
-0.114073 0.701481 -0.683180 
-0.196962 0.717094 -0.661116 
-0.292493 0.710363 -0.642938 
-0.370382 0.679762 -0.648571 
-0.424586 0.618926 -0.663661 
-0.498196 0.521054 -0.698747 
-0.503328 0.445185 -0.746544 
-0.471840 0.374934 -0.806533 
-0.436403 0.335852 -0.841190 
-0.308321 0.247211 -0.938218 
-0.132188 0.183331 -0.995217 
0.042598 0.173785 -1.012121 
0.236366 0.142718 -0.993884 
0.303564 0.132369 -0.973743 
0.571157 0.171086 -0.842780 
0.704809 0.223302 -0.701277 
0.842562 0.231629 -0.516615 
0.946395 0.194370 -0.279888 
0.962630 0.180808 -0.236655 
0.967218 -0.025456 0.208114 
0.851324 -0.253081 0.430237 
0.655727 -0.441306 0.597916 
0.463998 -0.546893 0.685791 
0.414847 -0.565993 0.705060 
0.115640 -0.592457 0.787627 
-0.010172 -0.588514 0.796289 
-0.079673 -0.621682 0.769755 
-0.098281 -0.670082 0.725929 
-0.093259 -0.731918 0.657307 
-0.025832 -0.858517 0.503640 
0.061323 -0.924252 0.371911 
0.179827 -0.964530 0.237597 
0.246122 -0.965497 0.160155 
0.629371 -0.742684 -0.273457 
0.718836 -0.590518 -0.383406 
0.759593 -0.477502 -0.450053 
0.787571 -0.277721 -0.561305 
0.719758 -0.022250 -0.701022 
0.602732 0.160881 -0.781829 
0.463236 0.324092 -0.823527 
0.414836 0.370987 -0.825737 
0.207354 0.549200 -0.796518 
0.092393 0.621692 -0.762921 
0.025067 0.678478 -0.731016 
-0.025957 0.718633 -0.704317 
-0.033404 0.720391 -0.703491 
-0.200291 0.729659 -0.678719 
-0.316433 0.708185 -0.672919 
-0.414085 0.626533 -0.682977 
-0.479242 0.558461 -0.696671 
-0.489080 0.541025 -0.703501 
-0.490171 0.439052 -0.777689 
-0.415902 0.378404 -0.846489 
-0.332459 0.327077 -0.905023 
-0.239411 0.295427 -0.950421 
-0.123240 0.288588 -0.987548 
0.139438 0.251085 -0.997500 
0.314873 0.255687 -0.960165 
0.492967 0.279929 -0.869034 
0.594286 0.294165 -0.800215 
0.804238 0.324635 -0.548375 
0.933261 0.263287 -0.305137 
0.992035 0.149825 -0.065102 
0.985551 -0.003476 0.156260 
0.959493 -0.064802 0.231217 
0.799489 -0.290464 0.509309 
0.652470 -0.390067 0.636985 
0.488775 -0.468876 0.728609 
0.316680 -0.519447 0.778781 
0.303018 -0.529227 0.781683 
0.092372 -0.625051 0.770188 
0.027142 -0.678957 0.725026 
-0.009197 -0.744919 0.653805 
0.004829 -0.827237 0.552577 
0.012911 -0.850103 0.513238 
0.111952 -0.949879 0.312548 
0.208502 -0.964252 0.192158 
0.410307 -0.924374 -0.031361 
0.624064 -0.747961 -0.268415 
0.709892 -0.599067 -0.371153 
0.775396 -0.422590 -0.470501 
0.793914 -0.211243 -0.573955 
0.792949 -0.150951 -0.595838 
0.662197 0.198125 -0.716612 
0.544745 0.351479 -0.759876 
0.383437 0.510980 -0.760743 
0.289245 0.600726 -0.737834 
0.148726 0.677821 -0.684217 
-0.047370 0.761686 -0.624069 
-0.165247 0.798667 -0.561480 
-0.260065 0.799715 -0.523082 
-0.311814 0.781877 -0.525690 
-0.440145 0.700385 -0.546114 
-0.522674 0.607190 -0.587455 
-0.575541 0.501446 -0.637762 
-0.597092 0.381308 -0.691145 
-0.601662 0.350149 -0.707871 
-0.532360 0.215317 -0.814950 
-0.444699 0.172801 -0.880644 
-0.327348 0.152042 -0.943896 
-0.187274 0.140104 -0.988795 
-0.150989 0.131326 -0.998111 
0.134602 0.097033 -1.017950 
0.283551 0.117070 -0.985783 
0.430914 0.158232 -0.920349 
0.602704 0.162851 -0.812687 
0.667544 0.179381 -0.744100 
0.907217 0.153749 -0.425252 
0.976304 0.093679 -0.179887 
0.978930 -0.075816 0.112091 
0.918037 -0.216931 0.295054 
0.755691 -0.388353 0.474428 
0.530845 -0.551714 0.623122 
0.337882 -0.624875 0.692934 
0.182540 -0.627684 0.746107 
0.123479 -0.608250 0.774227 
-0.005126 -0.603344 0.787546 
-0.073917 -0.640595 0.758185 
-0.086154 -0.691096 0.715182 
-0.063424 -0.755345 0.645774 
-0.052953 -0.779901 0.618486 
0.222361 -0.955053 0.253292 
0.337219 -0.941202 0.136672 
0.407475 -0.918176 0.083130 
0.610035 -0.803677 -0.088055 
0.709099 -0.690745 -0.209768 
0.778273 -0.550907 -0.336374 
0.814720 -0.377445 -0.456635 
0.812607 -0.313872 -0.495366 
0.751581 0.044785 -0.660154 
0.672681 0.244903 -0.704908 
0.554519 0.415296 -0.720614 
0.395808 0.582356 -0.705409 
0.376980 0.599761 -0.696378 
0.137621 0.790528 -0.588305 
0.018352 0.848371 -0.529649 
-0.092044 0.879862 -0.485737 
-0.187045 0.879243 -0.456865 
-0.260312 0.859864 -0.437639 
-0.442640 0.806386 -0.426962 
-0.520678 0.763018 -0.439803 
-0.564924 0.703560 -0.463258 
-0.586006 0.674794 -0.476777 
-0.603117 0.589781 -0.555563 
-0.585532 0.509679 -0.646132 
-0.515352 0.456600 -0.738658 
-0.418934 0.391557 -0.839595 
-0.368409 0.353955 -0.880773 
-0.127859 0.241016 -0.993001 
0.058920 0.199233 -1.013390 
0.232015 0.162859 -1.002677 
0.400107 0.146371 -0.948886 
0.428842 0.152525 -0.934644 
0.704962 0.212732 -0.727455 
0.845112 0.221051 -0.537987 
0.951531 0.187626 -0.303086 
0.996470 0.133511 -0.079680 
0.992088 0.119418 -0.043953 
0.936876 -0.067415 0.343227 
0.826550 -0.149588 0.539742 
0.687415 -0.217867 0.692226 
0.547059 -0.281093 0.782330 
0.445656 -0.324585 0.833562 
0.230896 -0.398235 0.893449 
0.132492 -0.458691 0.883544 
0.042804 -0.635156 0.767759 
0.050910 -0.838701 0.543526 
0.114143 -0.907053 0.427107 
0.190365 -0.941284 0.295520 
0.279973 -0.960156 0.172539 
0.348182 -0.943858 0.081358 
0.518257 -0.868330 -0.125062 
0.613754 -0.757210 -0.244736 
0.705622 -0.633472 -0.359598 
0.740706 -0.522825 -0.442602 
0.751237 -0.344672 -0.578316 
0.678676 -0.116081 -0.722968 
0.587587 0.051436 -0.807581 
0.462678 0.241579 -0.849557 
0.415169 0.299706 -0.850885 
0.207092 0.558635 -0.788790 
0.117735 0.665381 -0.720535 
0.074369 0.749837 -0.641410 
0.021413 0.814638 -0.575420 
0.011855 0.825855 -0.560689 
-0.127927 0.914552 -0.432643 
-0.239684 0.913186 -0.404886 
-0.370146 0.856068 -0.417498 
-0.484097 0.781917 -0.450887 
-0.506377 0.754299 -0.465091 
-0.591607 0.592399 -0.567564 
-0.582541 0.504820 -0.649896 
-0.550672 0.415158 -0.733146 
-0.507489 0.365051 -0.797974 
-0.437118 0.319948 -0.866595 
-0.259225 0.213358 -0.961092 
-0.114588 0.133821 -1.014648 
0.013047 0.085004 -1.027922 
0.089994 0.075604 -1.025973 
0.268563 0.083658 -0.992155 
0.452371 0.082674 -0.926982 
0.572252 0.110189 -0.851154 
0.689702 0.142929 -0.747863 
0.732178 0.153982 -0.698171 
0.917373 0.170661 -0.395598 
0.980941 0.135157 -0.174147 
0.994594 0.080510 0.058463 
0.951519 0.016229 0.286842 
0.939118 0.006514 0.328496 
0.490632 -0.208497 0.850288 
0.346743 -0.276010 0.904635 
0.298258 -0.296248 0.913548 
0.123868 -0.436807 0.888538 
0.059412 -0.554587 0.828616 
0.037559 -0.677955 0.734556 
0.054558 -0.788575 0.617787 
0.060642 -0.808254 0.594716 
0.166788 -0.949272 0.314032 
0.262288 -0.969195 0.162988 
0.368174 -0.949204 0.018192 
0.474829 -0.890290 -0.121754 
0.508323 -0.864411 -0.161963 
0.649444 -0.683938 -0.376597 
0.693594 -0.544163 -0.493816 
0.692638 -0.382820 -0.622400 
0.650147 -0.247260 -0.713766 
0.582415 -0.047192 -0.800518 
0.455120 0.194429 -0.858158 
0.349699 0.372448 -0.849139 
0.235492 0.546656 -0.789534 
0.209005 0.607760 -0.751285 
0.142205 0.753270 -0.637692 
0.072621 0.818644 -0.575992 
-0.018724 0.877818 -0.511246 
-0.103531 0.906635 -0.460263 
-0.134972 0.909800 -0.449949 
-0.328825 0.850308 -0.468778 
-0.452581 0.752251 -0.521381 
-0.543158 0.618315 -0.589498 
-0.571590 0.494712 -0.663344 
-0.572021 0.480129 -0.675164 
-0.488554 0.304240 -0.830236 
-0.380928 0.235224 -0.911466 
-0.255855 0.173629 -0.973080 
-0.131826 0.128317 -1.010019 
-0.063629 0.122664 -1.020959 
0.234871 0.095467 -1.010034 
0.398766 0.094173 -0.946262 
0.543102 0.121554 -0.869236 
0.639403 0.146204 -0.798571 
0.769302 0.190389 -0.630249 
0.909197 0.193072 -0.405309 
0.970682 0.178760 -0.202816 
0.948137 0.027577 0.231147 
0.823974 -0.090391 0.519438 
0.709998 -0.159379 0.653880 
0.584756 -0.242688 0.752822 
0.482762 -0.319961 0.792267 
0.319956 -0.462019 0.818990 
0.163742 -0.590275 0.783346 
0.076903 -0.695480 0.705644 
0.023629 -0.789732 0.593846 
0.027419 -0.844349 0.524251 
0.086362 -0.953681 0.293081 
0.170684 -0.987335 0.133933 
0.254317 -0.973610 -0.038388 
0.359835 -0.926324 -0.189064 
0.390458 -0.909595 -0.215622 
0.572263 -0.740595 -0.382406 
0.637968 -0.601222 -0.490575 
0.659613 -0.432744 -0.610336 
0.628207 -0.273207 -0.721302 
0.610265 -0.221772 -0.746622 
0.465796 0.043197 -0.854792 
0.378188 0.172260 -0.876997 
0.255071 0.295852 -0.886629 
0.143739 0.402415 -0.868673 
0.046332 0.474501 -0.827533 
-0.103560 0.603239 -0.750920 
-0.173450 0.646625 -0.700438 
-0.265813 0.667211 -0.661326 
-0.330701 0.661006 -0.643721 
-0.441983 0.600009 -0.635674 
-0.496778 0.509820 -0.675237 
-0.517721 0.396849 -0.735796 
-0.501344 0.251488 -0.810101 
-0.481172 0.196570 -0.838228 
-0.318703 0.021140 -0.946531 
-0.161192 -0.035118 -0.995310 
0.009045 -0.084262 -1.010452 
0.182310 -0.112352 -0.999445 
0.207488 -0.112281 -0.992131 
0.532803 -0.100419 -0.866567 
0.694755 -0.052109 -0.737355 
0.820806 0.007048 -0.579498 
0.912488 0.079000 -0.407572 
0.922111 0.091327 -0.374204 
0.877015 -0.029809 0.420226 
0.742335 -0.174614 0.611114 
0.701106 -0.206695 0.647796 
0.377489 -0.410152 0.813598 
0.182263 -0.530108 0.813851 
0.002687 -0.643007 0.749669 
-0.125576 -0.735968 0.641329 
-0.137512 -0.749707 0.625080 
-0.176264 -0.890865 0.399865 
-0.117210 -0.955738 0.248763 
-0.005649 -0.998209 0.093668 
0.085576 -1.001256 -0.034992 
0.158855 -0.980048 -0.141036 
0.325535 -0.877596 -0.362242 
0.438667 -0.775337 -0.475510 
0.509887 -0.638423 -0.584069 
0.537893 -0.540955 -0.646292 
0.543191 -0.376821 -0.734854 
0.460080 -0.200761 -0.836966 
0.310174 -0.093210 -0.904204 
0.136872 0.000328 -0.935863 
0.074679 0.044983 -0.937807 
-0.108597 0.213326 -0.902487 
-0.185151 0.308811 -0.855591 
-0.237332 0.414906 -0.802925 
-0.278317 0.517569 -0.739508 
-0.286817 0.525971 -0.733634 
-0.367130 0.574145 -0.669333 
-0.436121 0.541028 -0.665286 
-0.506084 0.451080 -0.685934 
-0.562876 0.305560 -0.721483 
-0.574130 0.254919 -0.737550 
-0.532357 0.018293 -0.816672 
-0.444472 -0.028143 -0.881489 
-0.340684 -0.057901 -0.936044 
-0.251339 -0.087285 -0.965610 
-0.152241 -0.107196 -0.995512 
0.093886 -0.152053 -1.000191 
0.270218 -0.141578 -0.972599 
0.445411 -0.135980 -0.909049 
0.545768 -0.133219 -0.855876 
0.764609 -0.083387 -0.652936 
0.884650 -0.034811 -0.472476 
0.953621 -0.025642 -0.287862 
0.939253 -0.134532 0.204063 
0.828563 -0.239428 0.477876 
0.687590 -0.305444 0.640016 
0.524242 -0.376073 0.750670 
0.437420 -0.420352 0.780941 
0.209817 -0.543545 0.810185 
0.060860 -0.623745 0.773001 
-0.025464 -0.700889 0.703341 
-0.063371 -0.780903 0.608955 
-0.067364 -0.812303 0.568896 
-0.009761 -0.920039 0.388952 
0.056163 -0.966107 0.264918 
0.151787 -0.987123 0.128880 
0.259620 -0.972653 0.005616 
0.273485 -0.967136 -0.009101 
0.499974 -0.856469 -0.207964 
0.607872 -0.744218 -0.329187 
0.669872 -0.612192 -0.441126 
0.707265 -0.477795 -0.531192 
0.714998 -0.435716 -0.559787 
0.604554 -0.155518 -0.776434 
0.413802 -0.008114 -0.898556 
0.225790 0.113636 -0.939614 
0.088482 0.187967 -0.945123 
-0.079626 0.287349 -0.893603 
-0.208583 0.402308 -0.836789 
-0.272908 0.448545 -0.795662 
-0.324561 0.479501 -0.767260 
-0.349240 0.487746 -0.760437 
-0.429348 0.475480 -0.738342 
-0.501981 0.419535 -0.742592 
-0.549752 0.336691 -0.748699 
-0.586935 0.279028 -0.747355 
-0.589757 0.265973 -0.749598 
-0.557376 0.180751 -0.814944 
-0.476225 0.105096 -0.877071 
-0.390462 0.040310 -0.926995 
-0.286432 -0.007192 -0.972836 
-0.272572 -0.014356 -0.977992 
-0.015988 -0.071072 -1.019531 
0.144329 -0.075195 -1.013461 
0.297130 -0.049684 -0.987888 
0.424120 -0.038194 -0.931603 
0.510190 -0.018831 -0.882283 
0.909355 -0.009568 -0.435282 
0.961828 -0.017179 -0.250286 
0.967926 -0.023811 -0.212257 
0.959695 -0.124116 0.190746 
0.866886 -0.233028 0.410172 
0.701957 -0.358495 0.587758 
0.534693 -0.482261 0.675742 
0.449751 -0.539874 0.698700 
0.138799 -0.700311 0.694176 
-0.009150 -0.758604 0.639998 
-0.088416 -0.808906 0.563349 
-0.111656 -0.844008 0.508148 
-0.098868 -0.891377 0.426595 
-0.032521 -0.955569 0.295720 
0.062105 -0.987594 0.176360 
0.165929 -0.991158 0.050490 
0.221061 -0.984224 -0.014061 
0.399122 -0.907092 -0.205111 
0.512654 -0.796407 -0.342601 
0.606081 -0.669913 -0.446655 
0.660682 -0.523217 -0.552601 
0.672784 -0.469014 -0.586052 
0.608406 -0.180439 -0.761900 
0.498101 -0.049456 -0.858710 
0.349501 0.103155 -0.910379 
0.206252 0.280705 -0.915236 
0.175644 0.312266 -0.906673 
-0.065546 0.562120 -0.789116 
-0.121755 0.643954 -0.717101 
-0.162326 0.688254 -0.673654 
-0.197335 0.713072 -0.649595 
-0.228196 0.719037 -0.633764 
-0.356614 0.692203 -0.618616 
-0.456125 0.602019 -0.640321 
-0.517311 0.493825 -0.687293 
-0.535843 0.431421 -0.721279 
-0.528727 0.273607 -0.793469 
-0.475184 0.149217 -0.862404 
-0.377066 0.057314 -0.925625 
-0.256170 -0.007177 -0.978363 
-0.195515 -0.036009 -0.995048 
0.051612 -0.104715 -1.018909 
0.225358 -0.152326 -0.992803 
0.390112 -0.188321 -0.928304 
0.731095 -0.257311 -0.643444 
0.852748 -0.215642 -0.491368 
0.928795 -0.142281 -0.351058 
0.982532 -0.101526 -0.145341 
0.986718 -0.104341 -0.063658 
0.912265 -0.127222 0.354587 
0.775647 -0.194244 0.586308 
0.570642 -0.286230 0.760689 
0.335977 -0.394985 0.853018 
0.291354 -0.412699 0.862855 
-0.022664 -0.551405 0.825109 
-0.109765 -0.623715 0.766901 
-0.153956 -0.699748 0.679195 
-0.146977 -0.788068 0.580546 
-0.133850 -0.813207 0.544522 
-0.023133 -0.946387 0.324743 
0.051010 -0.986359 0.178895 
0.149886 -0.994573 0.005039 
0.221719 -0.971923 -0.122465 
0.300953 -0.919110 -0.257501 
0.434079 -0.774198 -0.486283 
0.495254 -0.614541 -0.621989 
0.523378 -0.448678 -0.715267 
0.526122 -0.356199 -0.763177 
0.470166 -0.143353 -0.854160 
0.346989 0.046000 -0.908116 
0.231851 0.203644 -0.918019 
0.118856 0.347481 -0.892819 
0.075801 0.399329 -0.876449 
-0.067014 0.591142 -0.768251 
-0.099066 0.655276 -0.718967 
-0.148025 0.673459 -0.698665 
-0.228371 0.676121 -0.679800 
-0.237832 0.673480 -0.676847 
-0.399143 0.566143 -0.704047 
-0.455976 0.456405 -0.750058 
-0.462628 0.350852 -0.803953 
-0.442174 0.268011 -0.853585 
-0.425089 0.230286 -0.880578 
-0.304684 0.093999 -0.957658 
-0.170271 0.043371 -0.999481 
-0.018607 0.012185 -1.017398 
0.085266 -0.000160 -1.023559 
0.217666 0.001783 -1.007457 
0.694285 -0.007484 -0.747922 
0.831882 -0.010067 -0.579670 
0.855424 -0.010929 -0.514815 
0.982955 -0.136457 -0.095616 
0.943838 -0.268375 0.113137 
0.839046 -0.428089 0.310310 
0.709365 -0.521844 0.426486 
0.593940 -0.591999 0.523341 
0.395708 -0.643964 0.638773 
0.242527 -0.696812 0.668925 
0.107891 -0.741368 0.650153 
0.063032 -0.770190 0.628833 
0.029893 -0.832161 0.545197 
0.030023 -0.894562 0.439534 
0.071758 -0.935365 0.324104 
0.170553 -0.971855 0.216062 
0.205738 -0.972369 0.168304 
0.384467 -0.936426 -0.031507 
0.491350 -0.862893 -0.156769 
0.606340 -0.757927 -0.281705 
0.693692 -0.624716 -0.387443 
0.705987 -0.594656 -0.404959 
0.766091 -0.302194 -0.560173 
0.737346 -0.145226 -0.648992 
0.652736 0.017391 -0.746884 
0.526002 0.171158 -0.819206 
0.494913 0.205256 -0.825112 
0.258854 0.432430 -0.842298 
0.135382 0.565770 -0.790272 
0.036555 0.682438 -0.706982 
-0.020412 0.740803 -0.654877 
-0.046997 0.775359 -0.615997 
-0.118622 0.821880 -0.571735 
-0.220326 0.811866 -0.567904 
-0.333429 0.759889 -0.581077 
-0.389425 0.724738 -0.594368 
-0.509763 0.547462 -0.666332 
-0.544644 0.415651 -0.730050 
-0.524589 0.309907 -0.794660 
-0.472927 0.207670 -0.862087 
-0.439239 0.169394 -0.884775 
-0.229787 0.037303 -0.982867 
-0.073325 -0.001938 -1.017968 
0.101985 -0.033911 -1.012253 
0.582667 -0.080475 -0.832721 
0.736664 -0.063030 -0.696004 
0.859394 -0.017281 -0.527714 
0.947242 0.021725 -0.335540 
0.965245 0.034375 -0.272630 
0.991559 0.052236 0.108456 
0.924714 0.024832 0.356646 
0.802227 -0.074292 0.590504 
0.614125 -0.212405 0.759244 
0.589409 -0.233670 0.774238 
0.236474 -0.452063 0.862648 
0.060705 -0.554258 0.824105 
-0.062993 -0.670836 0.738124 
-0.112503 -0.751444 0.644496 
-0.114667 -0.785101 0.594805 
-0.068940 -0.915976 0.393748 
0.021152 -0.971623 0.252142 
0.130557 -0.990096 0.092201 
0.209753 -0.981852 -0.006954 
0.354694 -0.923441 -0.162110 
0.482583 -0.817787 -0.326615 
0.568737 -0.689943 -0.445425 
0.630734 -0.537066 -0.561724 
0.637372 -0.439313 -0.614225 
0.620076 -0.195493 -0.745582 
0.547635 -0.019892 -0.819114 
0.457839 0.160091 -0.850899 
0.350378 0.327420 -0.854142 
0.317915 0.376720 -0.850969 
0.143269 0.616689 -0.749965 
0.065118 0.731060 -0.673283 
-0.007525 0.804784 -0.604660 
-0.080566 0.832143 -0.562781 
-0.089439 0.836124 -0.558059 
-0.250700 0.802989 -0.573339 
-0.345647 0.728006 -0.631910 
-0.389128 0.620833 -0.696125 
-0.409009 0.535542 -0.750333 
-0.403491 0.451958 -0.807301 
-0.351309 0.303531 -0.898194 
-0.261126 0.222809 -0.950025 
-0.155582 0.152064 -0.993361 
-0.086633 0.108230 -1.003824 
0.082804 0.053562 -1.016154 
0.492207 0.021207 -0.898326 
0.621545 0.030916 -0.808392 
0.707476 0.063447 -0.716731 
0.897441 0.122650 -0.445887 
0.963404 0.168938 -0.251547 
0.986750 0.180252 -0.012563 
0.975446 0.168203 0.146828 
0.886598 0.107141 0.414594 
0.758138 0.000741 0.656645 
0.617976 -0.042647 0.793701 
0.486340 -0.072227 0.878944 
0.431418 -0.095297 0.908670 
0.235035 -0.250745 0.951318 
0.126293 -0.387868 0.922324 
0.069736 -0.517394 0.859956 
0.068499 -0.645617 0.762750 
0.072359 -0.676167 0.732307 
0.138255 -0.867345 0.492472 
0.211408 -0.922069 0.345415 
0.311209 -0.940188 0.200500 
0.410327 -0.923453 0.049941 
0.430258 -0.914737 0.013254 
0.612341 -0.770423 -0.225802 
0.714287 -0.631827 -0.316470 
0.790200 -0.465244 -0.405971 
0.811984 -0.316072 -0.490213 
0.803767 -0.223490 -0.556925 
0.659197 0.034116 -0.739179 
0.526911 0.168166 -0.823161 
0.377625 0.295172 -0.861828 
0.282572 0.372698 -0.863181 
0.148386 0.500420 -0.819822 
0.013581 0.622475 -0.754907 
-0.068356 0.696493 -0.693699 
-0.142343 0.740087 -0.646747 
-0.169073 0.754470 -0.631162 
-0.285421 0.743379 -0.613895 
-0.364968 0.704646 -0.621375 
-0.430721 0.623083 -0.661882 
-0.470457 0.538392 -0.713742 
-0.475168 0.524036 -0.726220 
-0.432232 0.353361 -0.832522 
-0.367447 0.304862 -0.882842 
-0.284022 0.277011 -0.929619 
0.058313 0.206274 -1.001368 
0.218212 0.196081 -0.989226 
0.373306 0.206872 -0.935196 
0.535507 0.225367 -0.854590 
0.553738 0.231286 -0.841263 
0.775671 0.354260 -0.575976 
0.859354 0.405165 -0.379008 
0.933457 0.389860 -0.128425 
0.950728 0.337251 0.116848 
0.936352 0.321157 0.191521 
0.814209 0.196927 0.570257 
0.697864 0.142962 0.730123 
0.568549 0.075605 0.844826 
0.457411 -0.009821 0.912068 
0.349865 -0.109717 0.947389 
0.182649 -0.299749 0.953088 
0.130942 -0.419127 0.910999 
0.115826 -0.534946 0.851218 
0.121655 -0.612803 0.795134 
0.180809 -0.763701 0.625819 
0.270051 -0.841651 0.485676 
0.362483 -0.881668 0.331835 
0.463138 -0.881755 0.176576 
0.502851 -0.866676 0.124234 
0.670424 -0.743575 -0.110799 
0.739889 -0.632755 -0.260680 
0.776296 -0.484078 -0.409119 
0.765534 -0.309534 -0.550968 
0.761149 -0.278727 -0.574804 
0.639980 0.033202 -0.759845 
0.529283 0.185128 -0.818960 
0.385745 0.340112 -0.845690 
0.256858 0.488581 -0.822446 
0.225393 0.520183 -0.802424 
0.051191 0.668392 -0.729051 
0.006167 0.719371 -0.690629 
-0.069238 0.758740 -0.652151 
-0.140426 0.775728 -0.625052 
-0.201483 0.766887 -0.619235 
-0.322154 0.713693 -0.640840 
-0.408214 0.617603 -0.681874 
-0.463291 0.537955 -0.711975 
-0.464611 0.502848 -0.731589 
-0.449320 0.382961 -0.810713 
-0.264608 0.208837 -0.947399 
-0.204700 0.172821 -0.973660 
-0.057221 0.122617 -1.014663 
0.110725 0.075744 -1.014425 
0.247546 0.073213 -0.989856 
0.377546 0.081515 -0.944544 
0.438692 0.093195 -0.919520 
0.653146 0.152753 -0.770331 
0.766892 0.225465 -0.634603 
0.856557 0.300222 -0.459093 
0.925443 0.322948 -0.239064 
0.932039 0.322982 -0.179687 
0.934650 0.245741 0.280416 
0.858557 0.184226 0.490151 
0.773871 0.127082 0.636840 
0.658156 0.080429 0.767913 
0.636556 0.065971 0.784570 
0.376571 -0.126855 0.937294 
0.258370 -0.239023 0.953554 
0.172333 -0.361665 0.929901 
0.137683 -0.470731 0.886051 
0.144677 -0.568013 0.814836 
0.212161 -0.736886 0.659246 
0.277952 -0.819557 0.503566 
0.370122 -0.880080 0.333351 
0.421254 -0.890332 0.233612 
0.554742 -0.847215 0.022440 
0.654662 -0.741797 -0.146457 
0.735187 -0.626141 -0.299162 
0.757985 -0.490195 -0.437193 
0.758633 -0.436809 -0.487460 
0.715057 -0.165106 -0.670719 
0.625228 0.013406 -0.774887 
0.477904 0.199894 -0.844998 
0.319689 0.370775 -0.858873 
0.297503 0.397435 -0.853060 
0.118374 0.646882 -0.742921 
0.044748 0.711364 -0.686474 
-0.031736 0.762387 -0.644955 
-0.114841 0.786140 -0.614844 
-0.140321 0.786811 -0.610671 
-0.288858 0.763569 -0.597790 
-0.381904 0.701703 -0.623095 
-0.457180 0.611041 -0.653421 
-0.488395 0.360942 -0.792028 
-0.434012 0.274195 -0.855818 
-0.345822 0.215418 -0.920841 
-0.213199 0.155018 -0.974025 
-0.169883 0.136924 -0.992512 
0.130639 0.007065 -1.012263 
0.300087 -0.033827 -0.974430 
0.476043 -0.041345 -0.905864 
0.609621 -0.026708 -0.819348 
0.740949 0.041183 -0.682974 
0.896135 0.123023 -0.452340 
0.968958 0.156936 -0.235185 
0.998273 0.127224 0.013637 
0.984612 0.089905 0.165721 
0.858420 -0.015757 0.498780 
0.725832 -0.077589 0.686707 
0.588966 -0.113461 0.811615 
0.445098 -0.151745 0.901064 
0.408110 -0.160863 0.915831 
0.197895 -0.248440 0.959707 
0.117727 -0.347692 0.943110 
0.063751 -0.473906 0.887863 
0.050124 -0.602873 0.804914 
0.050296 -0.619137 0.791696 
0.107818 -0.833436 0.557552 
0.176632 -0.905828 0.406718 
0.253616 -0.943064 0.254450 
0.326432 -0.941507 0.102288 
0.354412 -0.928303 0.053872 
0.523674 -0.830249 -0.230239 
0.587140 -0.723777 -0.379448 
0.620545 -0.585726 -0.509112 
0.631003 -0.482741 -0.602519 
0.622116 -0.333415 -0.697152 
0.542028 -0.085649 -0.809320 
0.460408 0.081995 -0.857083 
0.346601 0.240535 -0.880440 
0.275795 0.332178 -0.872859 
0.120692 0.507594 -0.810942 
0.033680 0.607631 -0.764980 
-0.024915 0.672645 -0.718794 
-0.088101 0.720201 -0.675550 
-0.121583 0.731148 -0.663710 
-0.287916 0.733785 -0.618690 
-0.475303 0.567701 -0.668672 
-0.496834 0.524369 -0.694022 
-0.461937 0.422649 -0.782483 
-0.395286 0.356564 -0.849006 
-0.306254 0.300372 -0.909371 
-0.186622 0.262289 -0.960268 
-0.140707 0.247490 -0.971624 
0.135521 0.162728 -0.999030 
0.329383 0.103830 -0.963117 
0.531315 0.066726 -0.868916 
0.715238 0.057069 -0.725278 
0.732048 0.061340 -0.704263 
0.942905 0.128260 -0.333050 
0.993008 0.107364 -0.076429 
0.975138 0.017994 0.212708 
0.885405 -0.057183 0.429087 
0.828820 -0.104825 0.526240 
0.569750 -0.190008 0.801004 
0.422930 -0.188575 0.896706 
0.261734 -0.179294 0.955985 
0.171427 -0.212300 0.971782 
0.057027 -0.271244 0.972353 
-0.030649 -0.361387 0.936364 
-0.030750 -0.457625 0.890766 
0.002315 -0.584015 0.816660 
0.016581 -0.645541 0.766148 
0.092350 -0.816993 0.572917 
0.179182 -0.891059 0.424202 
0.271993 -0.932015 0.260888 
0.372125 -0.935441 0.089434 
0.403245 -0.923745 0.039550 
0.564499 -0.799385 -0.241301 
0.649687 -0.661075 -0.378373 
0.706278 -0.497271 -0.496053 
0.713985 -0.324172 -0.607206 
0.708979 -0.290577 -0.627910 
0.556480 0.037973 -0.806430 
0.418703 0.196539 -0.856326 
0.278311 0.300183 -0.880928 
0.144920 0.381162 -0.874576 
0.097547 0.423451 -0.856787 
-0.023277 0.592630 -0.776974 
-0.057618 0.640164 -0.738771 
-0.107573 0.686055 -0.703045 
-0.251574 0.736459 -0.637230 
-0.314959 0.696412 -0.660087 
-0.371839 0.626164 -0.698725 
-0.388692 0.558190 -0.744647 
-0.368720 0.492131 -0.803910 
-0.284885 0.374861 -0.896531 
-0.178751 0.328284 -0.947681 
-0.034033 0.291007 -0.982614 
0.073521 0.262043 -0.987836 
0.277079 0.236387 -0.964175 
0.457435 0.234361 -0.891220 
0.608922 0.245296 -0.788470 
0.761038 0.251363 -0.636325 
0.810574 0.268077 -0.565565 
0.922199 0.331575 -0.272541 
0.952683 0.327436 -0.062019 
0.955754 0.249527 0.190196 
0.879689 0.089435 0.466823 
0.855327 0.052755 0.510735 
0.544121 -0.221793 0.804117 
0.393220 -0.294905 0.873727 
0.236063 -0.368030 0.897839 
0.105262 -0.423283 0.898438 
0.088879 -0.431567 0.897075 
0.008462 -0.534221 0.841831 
0.016641 -0.622260 0.779919 
0.053129 -0.712560 0.698481 
0.102930 -0.786581 0.612672 
0.143006 -0.831341 0.525921 
0.256655 -0.924362 0.298774 
0.347280 -0.933729 0.144708 
0.443527 -0.902027 -0.011033 
0.495204 -0.857480 -0.105400 
0.612167 -0.744188 -0.294228 
0.668627 -0.590625 -0.458882 
0.687845 -0.421422 -0.594422 
0.657068 -0.224632 -0.710079 
0.634059 -0.144411 -0.756086 
0.442432 0.144927 -0.872049 
0.288187 0.280479 -0.899647 
0.157970 0.395374 -0.881583 
0.065794 0.495303 -0.837477 
0.051228 0.507672 -0.827785 
-0.057940 0.649778 -0.733047 
-0.255852 0.742472 -0.614564 
-0.299133 0.740247 -0.600626 
-0.439691 0.665180 -0.608271 
-0.516665 0.562323 -0.651388 
-0.562749 0.434748 -0.700486 
-0.571861 0.316667 -0.751681 
-0.567100 0.286868 -0.768191 
-0.474621 0.151596 -0.869560 
-0.391889 0.102702 -0.918057 
-0.298109 0.062919 -0.960472 
-0.189836 0.050841 -0.994524 
-0.135179 0.059723 -1.006661 
0.109866 0.070398 -1.013617 
0.257876 0.089319 -0.988457 
0.414937 0.111718 -0.935141 
0.524512 0.123632 -0.869648 
0.653044 0.165490 -0.760263 
0.831454 0.209745 -0.549492 
0.916416 0.269682 -0.341195 
0.960394 0.280388 -0.096405 
0.969073 0.246649 0.047447 
0.896662 0.130073 0.407594 
0.771574 0.016786 0.634664 
0.608952 -0.079248 0.792177 
0.446005 -0.192405 0.880495 
0.394102 -0.224750 0.899561 
0.135263 -0.404619 0.907568 
0.047497 -0.518975 0.854046 
0.034335 -0.628960 0.770190 
0.051093 -0.733597 0.677615 
0.056476 -0.746061 0.664551 
0.149713 -0.908275 0.404152 
0.221899 -0.950845 0.231613 
0.300736 -0.955303 0.070185 
0.377139 -0.930178 -0.084640 
0.420950 -0.903186 -0.153677 
0.541604 -0.741540 -0.394507 
0.613386 -0.607234 -0.508203 
0.655143 -0.436956 -0.615020 
0.668321 -0.282465 -0.680964 
0.645259 -0.072745 -0.746409 
0.529737 0.219450 -0.813259 
0.420632 0.399920 -0.810035 
0.292458 0.543611 -0.778628 
0.032008 0.755681 -0.653371 
-0.065127 0.780164 -0.627625 
-0.145688 0.798698 -0.608261 
-0.215771 0.799185 -0.603825 
-0.296207 0.742216 -0.615662 
-0.418105 0.659656 -0.653134 
-0.468622 0.576411 -0.690633 
-0.489492 0.501478 -0.741495 
-0.474720 0.443308 -0.775822 
-0.423168 0.297243 -0.876283 
-0.319139 0.231307 -0.935921 
-0.200255 0.184350 -0.989174 
-0.043821 0.112290 -1.021267 
-0.005134 0.099633 -1.021986 
0.313478 0.012849 -0.983224 
0.486268 -0.003642 -0.900210 
0.657820 -0.011551 -0.782133 
0.803409 0.017297 -0.630329 
0.826704 0.033715 -0.586879 
0.966872 0.171889 -0.232239 
0.989523 0.182319 0.011594 
0.952153 0.148503 0.289671 
0.852074 0.083995 0.521607 
0.747911 0.029289 0.655696 
0.483079 -0.061103 0.883264 
0.330965 -0.099158 0.950940 
0.177769 -0.190223 0.973398 
0.095470 -0.259186 0.966343 
